1000.0 0.0
1010.0 0.0
1020.0 0.0
1030.0 0.0
1040.0 0.0
1050.0 0.0
1060.0 0.0
1070.0 0.0
1080.0 0.0
1090.0 0.0
1100.0 0.0
1110.0 0.0
1120.0 0.0
1130.0 0.0
1140.0 0.0
1150.0 0.0
1160.0 0.0
1170.0 0.0
1180.0 0.0
1190.0 0.0
1200.0 0.0
1210.0 0.0
1220.0 0.0
1230.0 0.0
1240.0 0.0
1250.0 0.0
1260.0 0.0
1270.0 0.0
1280.0 0.0
1290.0 0.0
1300.0 0.0
1310.0 0.0
1320.0 0.0
1330.0 0.0
1340.0 0.0
1350.0 0.0
1360.0 0.0
1370.0 0.0
1380.0 0.0
1390.0 0.0
1400.0 0.0
1410.0 0.0
1420.0 0.0
1430.0 0.0
1440.0 0.0
1450.0 0.0
1460.0 0.0
1470.0 0.0
1480.0 0.0
1490.0 0.0
1500.0 0.0
1510.0 0.0
1520.0 0.0
1530.0 0.0
1540.0 0.0
1550.0 0.0
1560.0 0.0
1570.0 0.0
1580.0 0.0
1590.0 0.0
1600.0 0.0
1610.0 0.0
1620.0 0.0
1630.0 0.0
1640.0 0.0
1650.0 0.0
1660.0 0.0
1670.0 0.0
1680.0 0.0
1690.0 0.0
1700.0 0.0
1710.0 0.0
1720.0 0.0
1730.0 0.0
1740.0 0.0
1750.0 0.0
1760.0 0.0
1770.0 0.0
1780.0 0.0
1790.0 0.0
1800.0 0.0
1810.0 0.0
1820.0 0.0
1830.0 0.0
1840.0 0.0
1850.0 0.0
1860.0 0.0
1870.0 0.0
1880.0 0.0
1890.0 0.0
1900.0 0.0
1910.0 0.0
1920.0 0.0
1930.0 0.0
1940.0 0.0
1950.0 0.0
1960.0 0.0
1970.0 0.0
1980.0 0.0
1990.0 0.0
2000.0 0.0
2010.0 0.0
2020.0 0.0
2030.0 0.0
2040.0 0.0
2050.0 0.0
2060.0 0.0
2070.0 0.0
2080.0 0.0
2090.0 0.0
2100.0 0.0
2110.0 0.0
2120.0 0.0
2130.0 0.0
2140.0 0.0
2150.0 0.0
2160.0 0.0
2170.0 0.0
2180.0 0.0
2190.0 0.0
2200.0 0.0
2210.0 0.0
2220.0 0.0
2230.0 0.0
2240.0 0.0
2250.0 0.0
2260.0 0.0
2270.0 0.0
2280.0 0.0
2290.0 0.0
2300.0 0.0
2310.0 0.0
2320.0 0.0
2330.0 0.0
2340.0 0.0
2350.0 0.0
2360.0 0.0
2370.0 0.0
2380.0 0.0
2390.0 0.0
2400.0 0.0
2410.0 0.0
2420.0 0.0
2430.0 0.0
2440.0 0.0
2450.0 0.0
2460.0 0.0
2470.0 0.0
2480.0 0.0
2490.0 0.0
2500.0 0.0
2510.0 0.0
2520.0 0.0
2530.0 0.0
2540.0 0.0
2550.0 0.0
2560.0 0.0
2570.0 0.0
2580.0 0.0
2590.0 0.0
2600.0 0.0
2610.0 0.0
2620.0 0.0
2630.0 0.0
2640.0 0.0
2650.0 0.0
2660.0 0.0
2670.0 0.0
2680.0 0.0
2690.0 0.0
2700.0 0.0
2710.0 0.0
2720.0 0.0
2730.0 0.0
2740.0 0.0
2750.0 0.0
2760.0 0.0
2770.0 0.0
2780.0 0.0
2790.0 0.0
2800.0 0.0
2810.0 0.0
2820.0 0.0
2830.0 0.0
2840.0 0.0
2850.0 0.0
2860.0 0.0
2870.0 0.0
2880.0 0.0
2890.0 0.0
2900.0 0.0
2910.0 0.0
2920.0 0.0
2930.0 0.0
2940.0 0.0
2950.0 0.0
2960.0 0.0
2970.0 0.0
2980.0 0.0
2990.0 0.0
3000.0 0.0
3009.9900000000002 0.0
3010.0 0.0
3019.9900000000002 0.0
3020.0 0.0
3029.98 0.0
3030.0 0.0
3039.98 0.0
3040.0 0.0
3049.9700000000003 0.0
3050.0 0.0
3059.96 0.0
3060.0 0.0
3069.96 0.0
3070.0 0.0
3079.95 0.0
3080.0 0.0
3089.95 0.0
3090.0 0.0
3099.9400000000005 0.0
3100.0 0.0
3109.9400000000005 0.0
3110.0 0.0
3119.93 0.0
3120.0 0.0
3129.92 0.0
3130.0 0.0
3139.92 0.0
3140.0 0.0
3149.91 0.0
3150.0 0.0
3159.91 0.0
3160.0 0.0
3169.9 0.0
3170.0 0.0
3179.8900000000003 0.0
3180.0 0.0
3189.8900000000003 0.0
3190.0 0.0
3199.88 0.0
3200.0 0.0
3209.88 0.0
3210.0 0.0
3219.8700000000003 0.0
3220.0 0.0
3229.8599999999997 0.0
3230.0 0.0
3239.8599999999997 0.0
3240.0 0.0
3249.8500000000004 0.0
3250.0 0.0
3259.8500000000004 0.0
3260.0 0.0
3269.84 0.0
3270.0 0.0
3279.84 0.0
3280.0 0.0
3289.83 0.0
3290.0 0.0
3299.8199999999997 0.0
3300.0 0.0
3309.8199999999997 0.0
3310.0 0.0
3319.81 0.0
3320.0 0.0
3329.81 0.0
3330.0 0.0
3339.8 0.0
3340.0 0.0
3349.7900000000004 0.0
3350.0 0.0
3359.7900000000004 0.0
3360.0 0.0
3369.78 0.0
3370.0 0.0
3379.78 0.0
3380.0 0.0
3389.7699999999995 0.0
3390.0 0.0
3399.76 0.0
3400.0 0.0
3409.76 0.0
3410.0 0.0
3419.75 0.0
3420.0 0.0
3429.75 0.0
3430.0 0.0
3439.74 0.0
3440.0 0.0
3449.74 0.0
3450.0 0.0
3459.73 0.0
3460.0 0.0
3469.72 0.0
3470.0 0.0
3479.72 0.0
3480.0 0.0
3489.71 0.0
3490.0 0.0
3499.71 0.0
3500.0 0.0
3509.7000000000003 0.0
3510.0 0.0
3519.69 0.0
3520.0 0.0
3529.69 0.0
3530.0 0.0
3539.6800000000003 0.0
3540.0 0.0
3549.6800000000003 0.0
3550.0 0.0
3559.67 0.0
3560.0 0.0
3569.66 0.0
3570.0 0.0
3579.66 0.0
3580.0 0.0
3589.6499999999996 0.0
3590.0 0.0
3599.6499999999996 0.0
3600.0 0.0
3609.64 0.0
3610.0 0.0
3619.64 0.0
3620.0 0.0
3629.63 0.0
3630.0 0.0
3639.62 0.0
3640.0 0.0
3649.62 0.0
3650.0 0.0
3659.61 0.0
3660.0 0.0
3669.61 0.0
3670.0 0.0
3679.6 0.0
3680.0 0.0
3689.59 0.0
3690.0 0.0
3699.59 0.0
3700.0 0.0
3709.5800000000004 0.0
3710.0 0.0
3719.5800000000004 0.0
3720.0 0.0
3729.5699999999997 0.0
3730.0 0.0
3739.5599999999995 0.0
3740.0 0.0
3749.5599999999995 0.0
3750.0 0.0
3759.5499999999997 0.0
3760.0 0.0
3769.5499999999997 0.0
3770.0 0.0
3779.54 0.0
3780.0 0.0
3789.54 0.0
3790.0 0.0
3799.53 0.0
3800.0 0.0
3809.52 0.0
3810.0 0.0
3819.52 0.0
3820.0 0.0
3829.5099999999998 0.0
3830.0 0.0
3839.5099999999998 0.0
3840.0 0.0
3849.5 0.0
3850.0 0.0
3859.4900000000002 0.0
3860.0 0.0
3869.4900000000002 0.0
3870.0 0.0
3879.4800000000005 0.0
3880.0 0.0
3889.4800000000005 0.0
3890.0 0.0
3899.4699999999993 0.0
3900.0 0.0
3909.4699999999993 0.0
3910.0 0.0
3919.4599999999996 0.0
3920.0 0.0
3929.45 0.0
3930.0 0.0
3939.45 0.0
3940.0 0.0
3949.44 0.0
3950.0 0.0
3959.44 0.0
3960.0 0.0
3969.4300000000003 0.0
3970.0 0.0
3979.4199999999996 0.0
3980.0 0.0
3989.4199999999996 0.0
3990.0 0.0
3999.41 0.0
4000.0 0.0
4009.41 0.0
4010.0 0.0
4019.4 0.0
4020.0 0.0
4029.3900000000003 0.0
4030.0 0.0
4039.3900000000003 0.0
4040.0 0.0
4049.3800000000006 0.0
4050.0 0.0
4059.3800000000006 0.0
4060.0 0.0
4069.3699999999994 0.0
4070.0 0.0
4079.3699999999994 0.0
4080.0 0.0
4089.3599999999997 0.0
4090.0 0.0
4099.35 0.0
4100.0 0.0
4109.35 0.0
4110.0 0.0
4119.34 0.0
4120.0 0.0
4129.34 0.0
4130.0 0.0
4139.330000000001 0.0
4140.0 0.0
4149.32 0.0
4150.0 0.0
4159.32 0.0
4160.0 0.0
4169.3099999999995 0.0
4170.0 0.0
4179.3099999999995 0.0
4180.0 0.0
4189.3 0.0
4190.0 0.0
4199.29 0.0
4200.0 0.0
4209.29 0.0
4210.0 0.0
4219.280000000001 0.0
4220.0 0.0
4229.280000000001 0.0
4230.0 0.0
4239.2699999999995 0.0
4240.0 0.0
4249.2699999999995 0.0
4250.0 0.0
4259.26 0.0
4260.0 0.0
4269.25 0.0
4270.0 0.0
4279.25 0.0
4280.0 0.0
4289.240000000001 0.0
4290.0 0.0
4299.240000000001 0.0
4300.0 0.0
4309.23 0.0
4310.0 0.0
4319.219999999999 0.0
4320.0 0.0
4329.219999999999 0.0
4330.0 0.0
4339.21 0.0
4340.0 0.0
4349.21 0.0
4350.0 0.0
4359.2 0.0
4360.0 0.0
4369.1900000000005 0.0
4370.0 0.0
4379.1900000000005 0.0
4380.0 0.0
4389.18 0.0
4390.0 0.0
4399.18 0.0
4400.0 0.0
4409.17 0.0
4410.0 0.0
4419.17 0.0
4420.0 0.0
4429.16 0.0
4430.0 0.0
4439.150000000001 0.0
4440.0 0.0
4449.150000000001 0.0
4450.0 0.0
4459.139999999999 0.0
4460.0 0.0
4469.139999999999 0.0
4470.0 0.0
4479.13 0.0
4480.0 0.0
4489.12 0.0
4490.0 0.0
4499.12 0.0
4500.0 0.0
4509.11 0.0
4510.0 0.0
4519.11 0.0
4520.0 0.0
4529.1 0.0
4530.0 0.0
4539.09 0.0
4540.0 0.0
4549.09 0.0
4550.0 0.0
4559.08 0.0
4560.0 0.0
4569.08 0.0
4570.0 0.0
4579.07 0.0
4580.0 0.0
4589.07 0.0
4590.0 0.0
4599.06 0.0
4600.0 0.0
4609.049999999999 0.0
4610.0 0.0
4619.049999999999 0.0
4620.0 0.0
4629.04 0.0
4630.0 0.0
4639.04 0.0
4640.0 0.0
4649.030000000001 0.0
4650.0 0.0
4659.0199999999995 0.0
4660.0 0.0
4669.0199999999995 0.0
4670.0 0.0
4679.01 0.0
4680.0 0.0
4689.01 0.0
4690.0 0.0
4699.0 0.0
4700.0 0.0
4708.99 0.0
4710.0 0.0
4718.99 0.0
4720.0 0.0
4728.9800000000005 0.0
4730.0 0.0
4738.9800000000005 0.0
4740.0 0.0
4748.97 0.0
4750.0 0.0
4758.97 0.0
4760.0 0.0
4768.959999999999 0.0
4770.0 0.0
4778.95 0.0
4780.0 0.0
4788.95 0.0
4790.0 0.0
4798.9400000000005 0.0
4800.0 0.0
4808.9400000000005 0.0
4810.0 0.0
4818.93 0.0
4820.0 0.0
4828.92 0.0
4830.0 0.0
4838.92 0.0
4840.0 0.0
4848.91 0.0
4850.0 0.0
4858.91 0.0
4860.0 0.0
4868.9 0.0
4870.0 0.0
4878.89 0.0
4880.0 0.0
4888.89 0.0
4890.0 0.0
4898.88 0.0
4900.0 0.0
4908.88 0.0
4910.0 0.0
4918.869999999999 0.0
4920.0 0.0
4928.869999999999 0.0
4930.0 0.0
4938.86 0.0
4940.0 0.0
4948.85 0.0
4950.0 0.0
4958.85 0.0
4960.0 0.0
4968.84 0.0
4970.0 0.0
4978.84 0.0
4980.0 0.0
4988.83 0.0
4990.0 0.0
4998.82 0.0
5000.0 0.0
5008.82 0.0
5010.0 0.0
5018.8099999999995 0.0
5020.0 0.0
5028.8099999999995 0.0
5030.0 0.0
5038.8 0.0
5040.0 0.0
5048.79 0.0
5050.0 0.0
5058.79 0.0
5060.0 0.0
5068.780000000001 0.0
5070.0 0.0
5078.780000000001 0.0
5080.0 0.0
5088.7699999999995 0.0
5090.0 0.0
5098.7699999999995 0.0
5100.0 0.0
5108.76 0.0
5110.0 0.0
5118.75 0.0
5120.0 0.0
5128.75 0.0
5130.0 0.0
5138.74 0.0
5140.0 0.0
5148.74 0.0
5150.0 0.0
5158.7300000000005 0.0
5160.0 0.0
5168.719999999999 0.0
5170.0 0.0
5178.719999999999 0.0
5180.0 0.0
5188.71 0.0
5190.0 0.0
5198.71 0.0
5200.0 0.0
5208.7 0.0
5210.0 0.0
5218.6900000000005 0.0
5220.0 0.0
5228.6900000000005 0.0
5230.0 0.0
5238.68 0.0
5240.0 0.0
5248.68 0.0
5250.0 0.0
5258.67 0.0
5260.0 0.0
5268.67 0.0
5270.0 0.0
5278.66 0.0
5280.0 0.0
5288.65 0.0
5290.0 0.0
5298.65 0.0
5300.0 0.0
5308.64 0.0
5310.0 0.0
5318.64 0.0
5320.0 0.0
5328.630000000001 0.0
5330.0 0.0
5338.62 0.0
5340.0 0.0
5348.62 0.0
5350.0 0.0
5358.61 0.0
5360.0 0.0
5368.61 0.0
5370.0 0.0
5378.6 0.0
5380.0 0.0
5388.59 0.0
5390.0 0.0
5398.59 0.0
5400.0 0.0
5408.580000000001 0.0
5410.0 0.0
5418.580000000001 0.0
5420.0 0.0
5428.57 0.0
5430.0 0.0
5438.57 0.0
5440.0 0.0
5448.5599999999995 0.0
5450.0 0.0
5458.55 0.0
5460.0 0.0
5468.55 0.0
5470.0 0.0
5478.540000000001 0.0
5480.0 0.0
5488.540000000001 0.0
5490.0 0.0
5498.530000000001 0.0
5500.0 0.0
5508.5199999999995 0.0
5510.0 0.0
5518.5199999999995 0.0
5520.0 0.0
5528.51 0.0
5530.0 0.0
5538.51 0.0
5540.0 0.0
5548.5 0.0
5550.0 0.0
5558.5 0.0
5560.0 0.0
5568.490000000001 0.0
5570.0 0.0
5578.4800000000005 0.0
5580.0 0.0
5588.4800000000005 0.0
5590.0 0.0
5598.469999999999 0.0
5600.0 0.0
5608.469999999999 0.0
5610.0 0.0
5618.46 0.0
5620.0 0.0
5628.450000000001 0.0
5630.0 0.0
5638.450000000001 0.0
5640.0 0.0
5648.4400000000005 0.0
5650.0 0.0
5658.4400000000005 0.0
5660.0 0.0
5668.43 0.0
5670.0 0.0
5678.42 0.0
5680.0 0.0
5688.42 0.0
5690.0 0.0
5698.41 0.0
5700.0 0.0
5708.41 0.0
5710.0 0.0
5718.400000000001 0.0
5720.0 0.0
5728.400000000001 0.0
5730.0 0.0
5738.39 0.0
5740.0 0.0
5748.380000000001 0.0
5750.0 0.0
5758.380000000001 0.0
5760.0 0.0
5768.37 0.0
5770.0 0.0
5778.37 0.0
5780.0 0.0
5788.360000000001 0.0
5790.0 0.0
5798.35 0.0
5800.0 0.0
5808.35 0.0
5810.0 0.0
5818.34 0.0
5820.0 0.0
5828.34 0.0
5830.0 0.0
5838.330000000001 0.0
5840.0 0.0
5848.32 0.0
5850.0 0.0
5858.32 0.0
5860.0 0.0
5868.31 0.0
5870.0 0.0
5878.31 0.0
5880.0 0.0
5888.3 0.0
5890.0 0.0
5898.3 0.0
5900.0 0.0
5908.290000000001 0.0
5910.0 0.0
5918.28 0.0
5920.0 0.0
5928.28 0.0
5930.0 0.0
5938.27 0.0
5940.0 0.0
5948.27 0.0
5950.0 0.0
5958.26 0.0
5960.0 0.0
5968.25 0.0
5970.0 0.0
5978.25 0.0
5980.0 0.0
5988.240000000001 0.0
5990.0 0.0
5998.240000000001 0.0
6000.0 3.5811495629743146e-08
6008.23 4.360568344113102e-09
6010.0 7.314354683388311e-11
6018.22 1.7159082164572782e-10
6020.0 1.9420986839913333e-10
6028.22 4.029928010394718e-10
6030.0 4.1474852915708776e-10
6038.21 6.940050893008216e-11
6040.0 1.661306330718954e-11
6048.21 3.077933895907134e-12
6050.0 2.5132477102010788e-12
6058.200000000001 6.136193382449517e-13
6060.0 0.0
6068.200000000001 0.0
6070.0 0.0
6078.19 2.4043593094950984e-13
6080.0 1.8361556879174496e-12
6088.18 2.417910738686623e-11
6090.0 3.004502936015674e-11
6098.18 3.460144685465582e-10
6100.0 3.870241576194854e-10
6108.17 1.1543391135272285e-09
6110.0 1.337841873414595e-09
6118.17 5.613835520201413e-10
6120.0 3.803653544936818e-10
6128.16 1.442912881180742e-09
6130.0 1.720749013273158e-09
6138.150000000001 1.372845548661644e-09
6140.0 1.2238169388141754e-09
6148.150000000001 3.7922561192201343e-10
6150.0 1.965834982189534e-10
6158.139999999999 0.0
6160.0 2.4167507729427423e-11
6168.139999999999 2.472502443119272e-09
6170.0 3.781047841164058e-09
6178.13 2.183746844928269e-09
6180.0 9.584367139919272e-10
6188.12 2.8893303072776596e-09
6190.0 3.4708318723693674e-09
6198.12 7.394607242234969e-10
6200.0 1.0032994564895498e-10
6208.110000000001 8.24086092342598e-11
6210.0 3.307974076864748e-11
6218.110000000001 1.61424809464974e-11
6220.0 1.2489958556337708e-11
6228.099999999999 1.4264892568082925e-12
6230.0 0.0
6238.099999999999 0.0
6240.0 0.0
6248.09 0.0
6250.0 0.0
6258.08 2.333268737247802e-12
6260.0 3.389024152472841e-12
6268.08 2.3464920090859773e-11
6270.0 2.2387382598138383e-11
6278.07 0.0
6280.0 0.0
6288.07 0.0
6290.0 5.2568619443995433e-11
6298.06 6.391005880393321e-10
6300.0 7.832315185385123e-10
6308.049999999999 7.096856990469845e-10
6310.0 6.290410666473248e-10
6318.049999999999 1.653161606380177e-10
6320.0 5.996882294512872e-11
6328.04 3.5439781270866094e-11
6330.0 2.7882095336087027e-11
6338.04 4.041096860841378e-12
6340.0 0.0
6348.03 2.5318204902204447e-11
6350.0 3.2407430041514105e-11
6358.02 9.364817527176556e-11
6360.0 1.0569743270880376e-10
6368.02 1.7438128183945042e-10
6370.0 1.9285012467099124e-10
6378.009999999999 6.317940432800846e-11
6380.0 2.9922513652622105e-11
6388.009999999999 4.588312133294346e-12
6390.0 0.0
6398.0 0.0
6400.0 0.0
6408.0 0.0
6410.0 0.0
6417.99 2.77368179934414e-11
6420.0 3.7308897646614615e-11
6427.98 3.4953377148631113e-10
6430.0 4.103056888615615e-10
6437.98 8.085304567203687e-10
6440.0 9.282793410826296e-10
6447.97 3.4650973029501113e-10
6450.0 1.872661262011112e-10
6457.97 1.8120140474667928e-10
6460.0 1.7348947363151589e-10
6467.959999999999 2.0868196471094404e-09
6470.0 2.5564536223850928e-09
6477.95 5.987624655304967e-10
6480.0 1.4722892984523203e-10
6487.95 9.444931783522695e-11
6490.0 6.059665898195696e-11
6497.94 3.255964413171466e-11
6500.0 2.1362471256627576e-11
6507.94 0.0
6510.0 0.0
6517.93 0.0
6520.0 0.0
6527.919999999999 0.0
6530.0 3.227200846183006e-11
6537.919999999999 2.2547504581955626e-10
6540.0 2.773869400554542e-10
6547.91 2.1834031490774612e-10
6550.0 1.765776878103648e-10
6557.910000000001 3.845400786965717e-10
6560.0 3.41665540974538e-10
6567.9 0.0
6570.0 1.1143417897419381e-10
6577.9 1.2998662920062203e-10
6580.0 2.5521552031631962e-11
6587.889999999999 7.05629734669578e-12
6590.0 0.0
6597.88 0.0
6600.0 0.0
6607.88 0.0
6610.0 0.0
6617.869999999999 0.0
6620.0 0.0
6627.869999999999 0.0
6630.0 0.0
6637.860000000001 0.0
6640.0 0.0
6647.849999999999 1.490766704350235e-11
6650.0 1.910787383797732e-11
6657.849999999999 8.034890177856072e-11
6660.0 8.948152504221287e-11
6667.84 1.7617743399125402e-09
6670.0 2.326105846599014e-09
6677.84 1.337449104365232e-09
6680.0 7.595643354289689e-10
6687.83 0.0
6690.0 1.6044394792548214e-10
6697.82 5.606255129089973e-09
6700.0 7.78354858704255e-09
6707.82 4.273823667299463e-09
6710.0 2.348464416312612e-09
6717.81 8.838707549051167e-10
6720.0 5.293147048613375e-10
6727.81 3.6261416538955383e-10
6730.0 3.950995078207622e-10
6737.799999999999 1.9767128067744407e-07
6740.0 2.439174064831114e-07
6747.799999999999 4.6458030384076186e-08
6750.0 2.1269174197984195e-10
6757.79 1.6235478625839522e-10
6760.0 8.754887567926484e-11
6767.780000000001 4.829113557008298e-11
6770.0 4.267200517674924e-11
6777.780000000001 3.323320645596476e-11
6780.0 3.5201691253903476e-11
6787.7699999999995 7.453506127488038e-11
6790.0 9.02343174091126e-11
6797.7699999999995 2.20077906805204e-10
6800.0 1.9233045468938004e-10
6807.76 0.0
6810.0 5.851984193237199e-10
6817.75 1.3247638259411877e-09
6820.0 8.729706165921235e-10
6827.75 2.2884442611169238e-10
6830.0 1.2755639033491958e-10
6837.739999999999 1.1311648556738365e-10
6840.0 1.059244027830999e-10
6847.739999999999 1.207057446304305e-10
6850.0 1.1393017507797452e-10
6857.7300000000005 1.4344584052726789e-10
6860.0 1.5203020923374964e-10
6867.719999999999 5.821088620486087e-10
6870.0 7.949763497263108e-10
6877.719999999999 2.843919556095284e-09
6880.0 3.158846073967122e-09
6887.710000000001 7.114372298175252e-10
6890.0 2.0331376986012413e-10
6897.710000000001 1.3843473903142108e-10
6900.0 1.1454199855969575e-10
6907.7 1.0238827480059361e-10
6910.0 9.950186648384951e-11
6917.7 1.5027951053661847e-10
6920.0 1.252719861140496e-10
6927.689999999999 0.0
6930.0 1.320217626857601e-10
6937.68 5.9457913734694595e-09
6940.0 6.663974170955912e-09
6947.68 2.008941743753672e-09
6950.0 1.821571697152255e-09
6957.669999999999 1.092730952276275e-09
6960.0 4.934980736773073e-10
6967.669999999999 2.0274343098775606e-10
6970.0 1.6869235892828454e-10
6977.660000000001 1.385458709189523e-10
6980.0 1.3302102799345371e-10
6987.65 1.677349915314996e-10
6990.0 2.2305686458124167e-10
6997.65 7.52608063208486e-10
7000.0 7.024470742127275e-10
7007.639999999999 8.133486228215871e-10
7010.0 1.4368913604666761e-09
7017.639999999999 9.825273549649792e-09
7020.0 1.6659154632797033e-08
7027.63 1.0824254179227293e-08
7030.0 3.7204345597932278e-09
7037.619999999999 1.512801919781471e-09
7040.0 1.0883808009788537e-09
7047.619999999999 0.0
7050.0 2.2700639981710198e-10
7057.610000000001 9.661890318799381e-10
7060.0 7.384642986078178e-10
7067.610000000001 0.0
7070.0 1.9005878849300516e-10
7077.6 5.03302295595546e-10
7080.0 6.764224334295547e-10
7087.6 1.2203158546782383e-09
7090.0 9.897349841095515e-10
7097.589999999999 5.933408637320428e-10
7100.0 4.5892946168409936e-10
7107.58 0.0
7110.0 7.571232374747161e-11
7117.58 9.768978163286486e-10
7120.0 2.027466370506851e-09
7127.57 3.1933167838652915e-08
7130.0 3.584598568142914e-08
7137.57 8.32480943262734e-09
7140.0 3.527988271303586e-09
7147.560000000001 7.113217106967409e-10
7150.0 4.734282127918263e-10
7157.55 0.0
7160.0 0.0
7167.55 0.0
7170.0 1.3898575118719006e-08
7177.539999999999 2.8301247867592547e-08
7180.0 2.3385452632781025e-08
7187.539999999999 1.5140276561903456e-08
7190.0 7.16483466670556e-09
7197.530000000001 2.705194348678976e-09
7200.0 2.4483820912025678e-09
7207.5199999999995 2.3815339565075872e-09
7210.0 1.544908143739815e-09
7217.5199999999995 0.0
7220.0 0.0
7227.510000000001 0.0
7230.0 5.105052233523373e-11
7237.510000000001 2.0582448889554246e-10
7240.0 2.0625382311401783e-10
7247.5 1.9730744766267e-10
7250.0 5.050708414929915e-10
7257.5 1.2153924683480323e-09
7260.0 9.276951176959408e-10
7267.489999999999 2.317329357532601e-10
7270.0 4.310591656085617e-10
7277.4800000000005 9.138249520178458e-10
7280.0 9.487963352587861e-10
7287.4800000000005 1.1200823563932252e-09
7290.0 9.290738632908706e-10
7297.469999999999 5.417148972822242e-10
7300.0 6.559492290430191e-10
7307.469999999999 1.4342513485510938e-09
7310.0 1.6852958393004511e-09
7317.460000000001 5.704158319804791e-09
7320.0 6.210033831685088e-09
7327.45 1.3542206304855328e-08
7330.0 1.255638393135287e-08
7337.45 0.0
7340.0 4.567898213488619e-11
7347.439999999999 8.839755024727087e-11
7350.0 1.410775782601628e-10
7357.439999999999 2.479813687317911e-10
7360.0 1.8504188026685817e-10
7367.43 1.1034798685200562e-10
7370.0 1.340854168296619e-10
7377.43 2.1563419787490022e-10
7380.0 1.5595410483739004e-10
7387.42 0.0
7390.0 2.031745959034577e-11
7397.410000000001 9.201857851352677e-11
7400.0 1.1305702198504294e-10
7407.410000000001 2.3630816101902443e-10
7410.0 3.7776776767874805e-10
7417.4 1.3205800497667756e-09
7420.0 1.6117909774411981e-09
7427.4 6.736361092653013e-09
7430.0 7.845564007185595e-09
7437.389999999999 6.18618296120429e-07
7440.0 6.172149457885681e-07
7447.380000000001 0.0
7450.0 0.0
7457.380000000001 0.0
7460.0 3.873925081366343e-10
7467.37 1.4104732712030497e-09
7470.0 1.6994992494340432e-09
7477.37 3.775620967470378e-09
7480.0 3.0977421689303306e-09
7487.360000000001 0.0
7490.0 3.2440511253787e-09
7497.35 3.4463989026123636e-07
7500.0 6.611625226170582e-07
7507.35 3.5796651152764665e-07
7510.0 4.6379482759886144e-08
7517.339999999999 2.2771751157847045e-08
7520.0 1.8608467158983906e-08
7527.339999999999 4.171905225854023e-08
7530.0 6.514491890843092e-08
7537.330000000001 1.0064201335033377e-07
7540.0 8.64800581776365e-08
7547.330000000001 1.6547384986521657e-08
7550.0 3.402268461580984e-09
7557.32 1.1743798163258772e-09
7560.0 6.731778058809772e-10
7567.310000000001 3.5557480625726836e-10
7570.0 3.4107718424855625e-10
7577.310000000001 4.0914652734260383e-10
7580.0 3.683187225842286e-10
7587.3 3.8907128455229947e-10
7590.0 5.156630658151735e-10
7597.3 1.7437223279385181e-09
7600.0 1.9931897135799913e-09
7607.289999999999 4.340950140875666e-08
7610.0 5.592995992401741e-08
7617.280000000001 1.3315644137676632e-08
7620.0 4.172451999922917e-10
7627.280000000001 2.2744067453492618e-10
7630.0 1.3933502719835792e-10
7637.2699999999995 9.105956133869282e-11
7640.0 5.202145028825002e-11
7647.2699999999995 9.10515481464913e-12
7650.0 0.0
7657.260000000001 0.0
7660.0 0.0
7667.25 0.0
7670.0 0.0
7677.25 0.0
7680.0 0.0
7687.24 0.0
7690.0 0.0
7697.24 0.0
7700.0 0.0
7707.2300000000005 0.0
7710.0 0.0
7717.2300000000005 0.0
7720.0 0.0
7727.219999999999 0.0
7730.0 0.0
7737.21 0.0
7740.0 0.0
7747.21 0.0
7750.0 0.0
7757.200000000001 0.0
7760.0 0.0
7767.200000000001 1.564007803609043e-11
7770.0 2.2011693539367366e-11
7777.19 2.2819815569886143e-11
7780.0 2.6342647100308467e-11
7787.18 6.084427244732885e-11
7790.0 5.2163098265992956e-11
7797.18 6.002401549712073e-12
7800.0 4.761693235333074e-12
7807.17 0.0
7810.0 1.780570307830833e-11
7817.17 1.0854799639659e-10
7820.0 1.016331746069292e-10
7827.16 5.050370658558088e-11
7830.0 4.373541765907199e-10
7837.150000000001 1.1035153359135827e-09
7840.0 8.001207237728117e-10
7847.150000000001 1.9910495624844321e-10
7850.0 1.1755742394729437e-10
7857.139999999999 3.2063473393218346e-11
7860.0 6.524247954769158e-11
7867.139999999999 1.2680093957835644e-10
7870.0 1.1842233321360325e-10
7877.130000000001 8.816616253405277e-11
7880.0 6.4696154447375e-11
7887.130000000001 5.508285403322494e-11
7890.0 3.932847280084505e-11
7897.12 0.0
7900.0 0.0
7907.110000000001 0.0
7910.0 1.3817641628854609e-12
7917.110000000001 8.221947218473817e-12
7920.0 6.839682546394068e-12
7927.1 0.0
7930.0 0.0
7937.1 0.0
7940.0 0.0
7947.089999999999 0.0
7950.0 2.5145279648360563e-11
7957.080000000001 8.671167443491323e-11
7960.0 6.827589429826007e-11
7967.080000000001 2.8784057591118015e-11
7970.0 5.490324778912499e-11
7977.07 1.130570493619058e-10
7980.0 1.1500806139455802e-10
7987.07 1.4089714468666385e-10
7990.0 1.0594191701237456e-10
7997.06 0.0
8000.0 7.589253998229628e-11
8007.05 2.5890776209487237e-10
8010.0 2.2047500623592788e-10
8017.05 1.4619936013270465e-10
8020.0 1.0852126628375116e-10
8027.039999999999 0.0
8030.0 1.2605250261457506e-10
8037.039999999999 5.783039818580834e-10
8040.0 6.249788003859888e-10
8047.03 9.290602206998419e-10
8050.0 8.712114829089241e-10
8057.03 6.38965950622747e-10
8060.0 5.477040319123211e-10
8067.02 1.2486656693221195e-10
8070.0 4.177020303943563e-10
8077.01 1.0566635139534676e-09
8080.0 9.096698838016424e-10
8087.01 4.5761556936470325e-10
8090.0 1.089316048463003e-09
8097.0 2.256858123912503e-09
8100.0 1.9552044229706503e-09
8107.0 1.565658052158589e-09
8110.0 1.1226680758492601e-09
8116.99 2.143241649661958e-10
8120.0 1.535431246489853e-10
8126.98 0.0
8130.0 0.0
8136.98 0.0
8140.0 3.818474801665834e-10
8146.97 1.7360102518205988e-09
8150.0 1.3535076799514309e-09
8156.97 0.0
8160.0 0.0
8166.96 0.0
8170.0 5.3256577120684395e-09
8176.950000000001 2.4215420752031913e-08
8180.0 2.39830881429089e-08
8186.950000000001 2.2997095568000996e-08
8190.0 2.8712506274661046e-08
8196.939999999999 4.81147463150011e-08
8200.0 5.358656093593167e-08
8206.939999999999 6.775884795204439e-08
8210.0 7.506403589071855e-08
8216.93 8.665656459138118e-08
8220.0 8.444830687052324e-08
8226.93 7.042504791343575e-08
8230.0 6.733153300134968e-08
8236.92 5.7863756296310405e-08
8240.0 6.838751478039042e-08
8246.91 9.200776037972969e-08
8250.0 6.295525043237921e-08
8256.91 0.0
8260.0 2.0669084176086796e-08
8266.900000000001 6.891167698484779e-08
8270.0 5.894612765531293e-08
8276.900000000001 3.5849429127131764e-08
8280.0 2.508997049219046e-08
8286.89 0.0
8290.0 0.0
8296.88 0.0
8300.0 6.640178757400981e-09
8306.88 2.0747672130010673e-08
8310.0 1.8299059315045927e-08
8316.87 1.311791447080947e-08
8320.0 4.123253060185157e-08
8326.87 1.0218247427540819e-07
8330.0 1.0023081050775277e-07
8336.86 9.772553068810699e-08
8340.0 8.682821545201629e-08
8346.849999999999 6.349056173760773e-08
8350.0 5.2953543595411555e-08
8356.849999999999 2.9440706642920848e-08
8360.0 2.4927650199711824e-08
8366.84 1.4686422442017705e-08
8370.0 1.0072274488046275e-08
8376.84 0.0
8380.0 0.0
8386.83 0.0
8390.0 1.5409260790897694e-08
8396.83 4.797079704657793e-08
8400.0 5.044473752074724e-08
8406.82 5.647618405592563e-08
8410.0 3.8521032382564424e-08
8416.810000000001 0.0
8420.0 0.0
8426.810000000001 0.0
8430.0 0.0
8436.8 0.0
8440.0 0.0
8446.8 0.0
8450.0 2.533908727655975e-08
8456.789999999999 7.961475044564371e-08
8460.0 9.777141552929587e-08
8466.78 1.3426974875637362e-07
8470.0 9.813442840331938e-08
8476.78 2.297947749229954e-08
8480.0 1.5439516551834017e-08
8486.77 0.0
8490.0 0.0
8496.77 0.0
8500.0 0.0
8506.76 0.0
8510.0 7.040406459977541e-09
8516.75 2.163752077431837e-08
8520.0 5.508024646863547e-08
8526.75 1.2356083292932464e-07
8530.0 1.0790117781211916e-07
8536.74 7.540207990008012e-08
8540.0 6.039157763193998e-08
8546.74 3.0013820275440274e-08
8550.0 5.7032552011895514e-08
8556.73 1.1273007062394266e-07
8560.0 1.0865326828057844e-07
8566.73 1.0194726999765019e-07
8570.0 6.896542751770203e-08
8576.720000000001 0.0
8580.0 0.0
8586.710000000001 0.0
8590.0 1.735837522823074e-08
8596.710000000001 5.4734481851540986e-08
8600.0 3.7358641975335614e-08
8606.699999999999 0.0
8610.0 0.0
8616.699999999999 0.0
8620.0 2.7025559785796664e-10
8626.69 8.083437231487066e-10
8630.0 5.372691860946785e-10
8636.68 0.0
8640.0 1.5552165169804743e-08
8646.68 4.714478464066197e-08
8650.0 6.224673221312604e-08
8656.669999999998 9.45536798186886e-08
8660.0 9.159176147339042e-08
8666.669999999998 8.612340902304885e-08
8670.0 6.6623938587861e-08
8676.66 2.5235002454804942e-08
8680.0 3.5266646287434874e-08
8686.65 5.345815684199115e-08
8690.0 3.5067463171301896e-08
8696.65 0.0
8700.0 0.0
8706.64 0.0
8710.0 0.0
8716.64 0.0
8720.0 0.0
8726.630000000001 0.0
8730.0 0.0
8736.630000000001 0.0
8740.0 0.0
8746.619999999999 0.0
8750.0 0.0
8756.61 0.0
8760.0 0.0
8766.61 0.0
8770.0 4.001024028274213e-08
8776.6 1.2161110536625368e-07
8780.0 9.895643717022404e-08
8786.6 4.834365195744756e-08
8790.0 5.631496191005229e-08
8796.59 6.770147646513738e-08
8800.0 5.7122153836251124e-08
8806.58 4.045710880596284e-08
8810.0 2.551131030427454e-08
8816.58 0.0
8820.0 3.984756853875919e-10
8826.57 1.2251767630880982e-09
8830.0 1.2148108220843149e-08
8836.57 3.690054486349323e-08
8840.0 3.5876105116079605e-08
8846.560000000001 3.367921791428385e-08
8850.0 2.8557561076085382e-08
8856.55 1.55231322704779e-08
8860.0 1.0295429554169645e-08
8866.55 0.0
8870.0 1.3170382868184302e-08
8876.54 3.3678175949895376e-08
8880.0 2.0480746712597352e-08
8886.54 0.0
8890.0 1.3898028653406404e-08
8896.53 4.124155599030456e-08
8900.0 4.016538736979882e-08
8906.53 4.241772678035638e-08
8910.0 2.955688583095412e-08
8916.519999999999 0.0
8920.0 0.0
8926.51 0.0
8930.0 5.860219288291172e-09
8936.51 1.4403366992039033e-08
8940.0 1.8560321348655472e-08
8946.5 2.6847656362420288e-08
8950.0 3.1034186469812944e-08
8956.5 5.309748614652872e-08
8960.0 3.8853348510555404e-08
8966.489999999998 0.0
8970.0 4.70565697286217e-08
8976.48 5.9063683215431455e-08
8980.0 1.815277318929232e-08
8986.48 8.666826055603522e-09
8990.0 3.9292632860069325e-09
8996.47 2.3948851796397205e-09
9000.0 1.1694230645124074e-09
9006.47 5.355669962700672e-10
9010.0 3.6399674628803003e-10
9016.460000000001 2.470094812188363e-10
9020.0 1.5502819631051135e-10
9026.460000000001 9.694782546702994e-11
9030.0 4.6300338005433606e-11
9036.45 0.0
9040.0 1.709047198319203e-11
9046.439999999999 1.7129451414340058e-11
9050.0 0.0
9056.439999999999 0.0
9060.0 0.0
9066.43 0.0
9070.0 0.0
9076.43 0.0
9080.0 0.0
9086.42 0.0
9090.0 0.0
9096.41 0.0
9100.0 0.0
9106.41 0.0
9110.0 0.0
9116.4 0.0
9120.0 0.0
9126.4 0.0
9130.0 0.0
9136.39 0.0
9140.0 0.0
9146.380000000001 0.0
9150.0 0.0
9156.380000000001 0.0
9160.0 0.0
9166.369999999999 0.0
9170.0 0.0
9176.369999999999 0.0
9180.0 0.0
9186.36 0.0
9190.0 0.0
9196.36 0.0
9200.0 0.0
9206.35 0.0
9210.0 0.0
9216.339999999998 0.0
9220.0 0.0
9226.339999999998 0.0
9230.0 0.0
9236.33 0.0
9240.0 0.0
9246.33 0.0
9250.0 0.0
9256.32 0.0
9260.0 0.0
9266.310000000001 0.0
9270.0 0.0
9276.310000000001 0.0
9280.0 0.0
9286.3 0.0
9290.0 0.0
9296.3 0.0
9300.0 0.0
9306.289999999999 0.0
9310.0 0.0
9316.28 0.0
9320.0 0.0
9326.28 0.0
9330.0 0.0
9336.27 0.0
9340.0 0.0
9346.27 0.0
9350.0 0.0
9356.26 0.0
9360.0 0.0
9366.26 0.0
9370.0 0.0
9376.25 0.0
9380.0 0.0
9386.24 0.0
9390.0 0.0
9396.24 0.0
9400.0 0.0
9406.23 0.0
9410.0 0.0
9416.23 0.0
9420.0 0.0
9426.22 0.0
9430.0 0.0
9436.210000000001 0.0
9440.0 0.0
9446.210000000001 0.0
9450.0 0.0
9456.2 0.0
9460.0 0.0
9466.2 0.0
9470.0 0.0
9476.189999999999 0.0
9480.0 0.0
9486.18 0.0
9490.0 0.0
9496.18 0.0
9500.0 0.0
9506.17 0.0
9510.0 0.0
9516.17 0.0
9520.0 0.0
9526.160000000002 0.0
9530.0 0.0
9536.160000000002 0.0
9540.0 0.0
9546.15 0.0
9550.0 0.0
9556.14 0.0
9560.0 0.0
9566.14 0.0
9570.0 0.0
9576.130000000001 0.0
9580.0 0.0
9586.130000000001 0.0
9590.0 0.0
9596.119999999999 0.0
9600.0 0.0
9606.11 0.0
9610.0 0.0
9616.11 0.0
9620.0 0.0
9626.1 0.0
9630.0 0.0
9636.1 0.0
9640.0 0.0
9646.09 0.0
9650.0 0.0
9656.08 0.0
9660.0 0.0
9666.08 0.0
9670.0 0.0
9676.07 0.0
9680.0 0.0
9686.07 0.0
9690.0 0.0
9696.060000000001 0.0
9700.0 0.0
9706.060000000001 0.0
9710.0 0.0
9716.05 8.384165974514992e-08
9720.0 1.3857085161784187e-07
9726.039999999999 5.486774709036233e-08
9730.0 0.0
9736.039999999999 0.0
9740.0 0.0
9746.03 0.0
9750.0 0.0
9756.03 0.0
9760.0 0.0
9766.02 0.0
9770.0 0.0
9776.010000000002 0.0
9780.0 0.0
9786.010000000002 0.0
9790.0 0.0
9796.0 0.0
9800.0 0.0
9806.0 0.0
9810.0 0.0
9815.99 0.0
9820.0 0.0
9825.980000000001 0.0
9830.0 0.0
9835.980000000001 0.0
9840.0 0.0
9845.97 0.0
9850.0 0.0
9855.97 0.0
9860.0 0.0
9865.96 0.0
9870.0 0.0
9875.96 0.0
9880.0 0.0
9885.95 0.0
9890.0 0.0
9895.939999999999 0.0
9900.0 0.0
9905.939999999999 0.0
9910.0 0.0
9915.93 0.0
9920.0 0.0
9925.93 0.0
9930.0 0.0
9935.92 0.0
9940.0 0.0
9945.91 0.0
9950.0 0.0
9955.91 0.0
9960.0 0.0
9965.9 0.0
9970.0 0.0
9975.9 4.1295232052169297e-08
9980.0 7.00396535953284e-08
9985.89 2.881449141323787e-08
9990.0 -1.0202995740376998e-23
9995.880000000001 0.0
10000.0 0.0
10005.880000000001 0.0
10010.0 0.0
10015.869999999999 0.0
10020.0 0.0
10025.869999999999 0.0
10030.0 0.0
10035.86 0.0
10040.0 0.0
10045.86 0.0
10050.0 0.0
10055.85 0.0
10060.0 0.0
10065.84 0.0
10070.0 0.0
10075.84 0.0
10080.0 0.0
10085.830000000002 0.0
10090.0 0.0
10095.830000000002 0.0
10100.0 0.0
10105.82 0.0
10110.0 0.0
10115.81 0.0
10120.0 0.0
10125.81 0.0
10130.0 0.0
10135.800000000001 0.0
10140.0 0.0
10145.800000000001 0.0
10150.0 0.0
10155.789999999999 0.0
10160.0 0.0
10165.779999999999 0.0
10170.0 0.0
10175.779999999999 0.0
10180.0 0.0
10185.77 0.0
10190.0 0.0
10195.77 0.0
10200.0 0.0
10205.76 0.0
10210.0 0.0
10215.76 0.0
10220.0 0.0
10225.75 0.0
10230.0 0.0
10235.74 0.0
10240.0 0.0
10245.739999999998 0.0
10250.0 0.0
10255.730000000001 0.0
10260.0 0.0
10265.730000000001 4.015220854020764e-08
10270.0 7.006333791726905e-08
10275.72 1.1007593616131555e-07
10280.0 1.400154116599327e-07
10285.710000000001 2.1985796892862207e-07
10290.0 2.797633762650561e-07
10295.710000000001 5.588315763904534e-07
10300.0 7.688548540418863e-07
10305.699999999999 1.7250462464725091e-06
10310.0 2.446033623291479e-06
10315.699999999999 7.700544055912598e-06
10320.0 1.1665493204404554e-05
10325.689999999999 6.291075738421001e-05
10330.0 0.00010172242061031947
10335.68 0.00010977341679115841
10340.0 0.00011591403648393801
10345.68 8.693082918574604e-05
10350.0 6.489367223856535e-05
10355.67 6.624428368666586e-05
10360.0 6.727406907110732e-05
10365.67 8.329967257796778e-05
10370.0 9.554266042977542e-05
10375.66 0.00011062897266359157
10380.0 0.0001221790753249203
10385.66 0.00010631903922341547
10390.0 9.418909995753299e-05
10395.650000000001 7.497179834471396e-05
10400.0 6.01466275847522e-05
10405.64 5.049917231252458e-05
10410.0 4.3039889220025716e-05
10415.64 3.925866948279897e-05
10420.0 3.633307685355325e-05
10425.630000000001 3.589406796608648e-05
10430.0 3.555103167818552e-05
10435.630000000001 3.785525614568706e-05
10440.0 3.965736308350456e-05
10445.619999999999 4.5186174922458046e-05
10450.0 4.950304717685871e-05
10455.61 5.933466484368173e-05
10460.0 6.700716881916083e-05
10465.61 8.082980347666062e-05
10470.0 9.166114861394407e-05
10475.599999999999 0.00010312344500074775
10480.0 0.00011213083645434573
10485.599999999999 0.0001124338523220618
10490.0 0.0001125698561412745
10495.59 0.00010504628255052628
10500.0 9.912809836422577e-05
10505.58 9.207948026875722e-05
10510.0 8.657352699712081e-05
10515.58 8.323240469979222e-05
10520.0 8.055868593639787e-05
10525.57 8.104605491674644e-05
10530.0 8.14306508462823e-05
10535.57 8.565744873523897e-05
10540.0 8.904835493074085e-05
10545.560000000001 9.62955622029975e-05
10550.0 0.00010206722092937759
10555.560000000001 0.00010855974554677806
10560.0 0.00011371811389741006
10565.550000000001 0.00011256430248395652
10570.0 0.00011168019443316227
10575.539999999999 0.00010129705212649659
10580.0 9.2912444415197e-05
10585.539999999999 8.01829475724648e-05
10590.0 6.992893607245186e-05
10595.53 6.013144697524812e-05
10600.0 5.2231093373862294e-05
10605.53 4.58931138411568e-05
10610.0 4.077059838452745e-05
10615.519999999999 3.695748212944343e-05
10620.0 3.3871775307101426e-05
10625.510000000002 3.182025817882719e-05
10630.0 3.0152480838028196e-05
10635.510000000002 2.9356234425504865e-05
10640.0 2.869823176153102e-05
10645.5 2.8987309604653403e-05
10650.0 2.923161790527757e-05
10655.5 3.0662331184515303e-05
10660.0 3.184104723683582e-05
10665.49 3.4747957995393284e-05
10670.0 3.713124349466889e-05
10675.49 4.202769655306871e-05
10680.0 4.604549202921248e-05
10685.48 5.389311427926633e-05
10690.0 6.037187550907033e-05
10695.470000000001 7.16592852976102e-05
10700.0 8.103996216460439e-05
10705.470000000001 9.323568997913596e-05
10710.0 0.00010332577314762901
10715.460000000001 0.00010865966374453818
10720.0 0.00011308856458592751
10725.460000000001 0.0001073944030230876
10730.0 0.00010266221933636483
10735.45 9.223221804749722e-05
10740.0 8.352913892735656e-05
10745.439999999999 7.458093105130762e-05
10750.0 6.706360467995395e-05
10755.439999999999 6.104997762441944e-05
10760.0 5.5995616719828304e-05
10765.43 5.251722498385601e-05
10770.0 4.960324041110349e-05
10775.43 4.8081654186358116e-05
10780.0 4.680681595015946e-05
10785.419999999998 4.7008202525549975e-05
10790.0 4.715668205857341e-05
10795.410000000002 4.900478839822324e-05
10800.0 5.057133804229998e-05
10805.410000000002 5.4274171257970386e-05
10810.0 5.741481430779943e-05
10815.4 6.340522797993756e-05
10820.0 6.850829345134202e-05
10825.4 7.69009662960942e-05
10830.0 8.404476065861407e-05
10835.39 9.3298155771802e-05
10840.0 0.0001012144329108797
10845.39 0.00010665891448782364
10850.0 0.00011129284163357557
10855.380000000001 0.0001083280567288727
10860.0 0.00010578005588886878
10865.37 9.654584685951747e-05
10870.0 8.85835044407413e-05
10875.37 7.858766623315468e-05
10880.0 6.997406168129793e-05
10885.36 6.217647432202886e-05
10890.0 5.544063722745532e-05
10895.36 5.008102968457463e-05
10900.0 4.544237094418626e-05
10905.35 4.199649010529442e-05
10910.0 3.900115502079157e-05
10915.339999999998 3.691085195595292e-05
10920.0 3.5086480834073515e-05
10925.339999999998 3.408867184663489e-05
10930.0 3.322273446800194e-05
10935.330000000002 3.310317914269954e-05
10940.0 3.298829142017094e-05
10945.330000000002 3.369023567555511e-05
10950.0 3.4318349396841834e-05
10955.32 3.5936211307557e-05
10960.0 3.7359074165494824e-05
10965.31 4.0126433316624134e-05
10970.0 4.256883485760607e-05
10975.31 4.6772868141184414e-05
10980.0 5.0495912408715696e-05
10985.3 5.657241398062682e-05
10990.0 6.19630602786044e-05
10995.3 6.987486506010215e-05
11000.0 7.688151445649605e-05
11005.29 8.548099457133915e-05
11010.0 9.315487041363865e-05
11015.29 9.911870070229795e-05
11020.0 0.00010444464125166293
11025.28 0.00010414431580955689
11030.0 0.00010385343456731297
11035.27 9.76967289312832e-05
11040.0 9.217970088830495e-05
11045.27 8.396171096708768e-05
11050.0 7.659389404897323e-05
11055.26 6.9218342673958e-05
11060.0 6.256676828554774e-05
11065.26 5.693483534114832e-05
11070.0 5.186119724346445e-05
11075.25 4.780939842596903e-05
11080.0 4.41272940307008e-05
11085.239999999998 4.1348682403387966e-05
11090.0 3.882977308971276e-05
11095.239999999998 3.701925712030822e-05
11100.0 3.537412451021681e-05
11105.230000000001 3.4242327016750927e-05
11110.0 3.3210347103455816e-05
11115.230000000001 3.268364167888725e-05
11120.0 3.220295033863562e-05
11125.22 3.2174898532645736e-05
11130.0 3.2151800996628066e-05
11135.21 3.2517671706290335e-05
11140.0 3.2847943589868275e-05
11145.21 3.3668829573854635e-05
11150.0 3.442268400168142e-05
11155.2 3.5737584740700176e-05
11160.0 3.694958037089798e-05
11165.2 3.872365707870973e-05
11170.0 4.0361722811812576e-05
11175.19 4.270001603239765e-05
11180.0 4.487041881059832e-05
11185.19 4.7814261384605075e-05
11190.0 5.054572912868033e-05
11195.18 5.416046871788151e-05
11200.0 5.750884725585987e-05
11205.17 6.173489981944865e-05
11210.0 6.569691206794269e-05
11215.17 7.039724068888577e-05
11220.0 7.478778124527179e-05
11225.16 7.962007033797581e-05
11230.0 8.414136598236465e-05
11235.16 8.871627303285409e-05
11240.0 9.301683403024301e-05
11245.150000000001 9.671102295063489e-05
11250.0 0.00010017457807987728
11255.14 0.00010258427361874656
11260.0 0.00010487898939876048
11265.14 0.0001058357430888448
11270.0 0.00010673256225974513
11275.13 0.00010641720106546099
11280.0 0.00010612502390043098
11285.13 0.000104909917438061
11290.0 0.00010374274317564876
11295.119999999999 0.00010202892688821777
11300.0 0.00010041563708249567
11305.11 9.86535549946541e-05
11310.0 9.69492369179397e-05
11315.11 9.5313037364595e-05
11320.0 9.37696648767618e-05
11325.1 9.250830541652454e-05
11330.0 9.12684277274655e-05
11335.1 9.039522733001299e-05
11340.0 8.957456605317492e-05
11345.09 8.917819020686834e-05
11350.0 8.880906464427085e-05
11355.09 8.891071671795156e-05
11360.0 8.897887757498455e-05
11365.08 8.943693925375877e-05
11370.0 8.98937835871698e-05
11375.07 9.077934628538803e-05
11380.0 9.163974877969486e-05
11385.07 9.280781684159798e-05
11390.0 9.392589318138518e-05
11395.060000000001 9.53118408848176e-05
11400.0 9.668404436117012e-05
11405.060000000001 9.815737273739683e-05
11410.0 9.962361311005108e-05
11415.050000000001 0.00010098834834072647
11420.0 0.00010224902741056213
11425.039999999999 0.0001033214242243899
11430.0 0.00010443448081886433
11435.039999999999 0.00010514955750961927
11440.0 0.00010583505291717359
11445.029999999999 0.0001060475544285182
11450.0 0.00010624640371296673
11455.029999999999 0.00010600072291462481
11460.0 0.00010575783105876546
11465.02 0.00010512985567240411
11470.0 0.00010449117373522473
11475.01 0.00010361290614383469
11480.0 0.0001027754024345644
11485.01 0.00010186361623834965
11490.0 0.00010091534349176423
11495.0 0.00010003252703801622
11500.0 9.919187821481532e-05
11505.0 9.851899620838779e-05
11510.0 9.780093867272752e-05
11514.99 9.735889504504005e-05
11520.0 9.691888503057156e-05
11524.99 9.675080910590458e-05
11530.0 9.659693662438476e-05
11534.98 9.678735109956067e-05
11540.0 9.697539836952106e-05
11544.970000000001 9.746495137310408e-05
11550.0 9.796117835616326e-05
11554.970000000001 9.868841938432492e-05
11560.0 9.941893082508314e-05
11564.960000000001 0.00010030943394365045
11570.0 0.00010123654724526895
11574.960000000001 0.00010218364736796297
11580.0 0.00010310901155198397
11584.949999999999 0.00010394738042901308
11590.0 0.00010483854522734557
11594.939999999999 0.00010554807797856127
11600.0 0.00010627077386535855
11604.939999999999 0.00010663674753015919
11610.0 0.0001070070923681642
11614.93 0.00010699845015577956
11620.0 0.00010700008182455626
11624.93 0.0001066324089717636
11630.0 0.00010629203472500403
11634.92 0.00010566198190935687
11640.0 0.00010497606856467203
11644.91 0.00010411009743003288
11650.0 0.00010322212254147121
11654.91 0.0001022658767949398
11660.0 0.0001012383932037986
11664.9 0.00010028047573374491
11670.0 9.934768048822326e-05
11674.9 9.858859253593682e-05
11680.0 9.779588055808518e-05
11684.89 9.723394421885767e-05
11690.0 9.661817482086619e-05
11694.89 9.63305886617216e-05
11700.0 9.606026647996843e-05
11704.880000000001 9.606503141051954e-05
11710.0 9.60740251029658e-05
11714.87 9.635290474235973e-05
11720.0 9.663999303118118e-05
11724.87 9.718314723834225e-05
11730.0 9.775559951886573e-05
11734.86 9.849599698443676e-05
11740.0 9.92917661147826e-05
11744.86 0.0001001779753636951
11750.0 0.00010110157154160418
11754.849999999999 0.00010204189238488796
11760.0 0.00010306318672248095
11764.84 0.00010392513228068175
11770.0 0.00010480878825324805
11774.84 0.00010550493661533561
11780.0 0.00010627158643228767
11784.83 0.00010669009316274503
11790.0 0.00010713667813100302
11794.83 0.00010728472213451816
11800.0 0.00010743184886889352
11804.82 0.0001072394608668921
11810.0 0.0001070301163222825
11814.81 0.00010656709575441195
11820.0 0.0001060491487634948
11824.81 0.00010540265286251991
11830.0 0.00010474021846242636
11834.8 0.0001040250979960624
11840.0 0.00010322826559848637
11844.8 0.00010256049820546766
11850.0 0.00010182254889332816
11854.79 0.00010123702085573942
11860.0 0.00010064033560376801
11864.79 0.00010032903547047887
11870.0 9.991871613142036e-05
11874.78 9.976830534717304e-05
11880.0 9.96327720324299e-05
11884.769999999999 9.97793768956757e-05
11890.0 9.994172846316419e-05
11894.769999999999 0.00010038280746264479
11900.0 0.0001008465432390589
11904.760000000002 0.00010153825833419429
11910.0 0.00010231990434906122
11914.760000000002 0.00010315738748414225
11920.0 0.00010405903306812673
11924.75 0.00010487982372294959
11930.0 0.00010580803216392475
11934.74 0.00010648196573758312
11940.0 0.00010721786582606745
11944.74 0.00010751536665497198
11950.0 0.00010783191832809567
11954.73 0.00010743185834285267
11960.0 0.00010697056205247441
11964.73 0.00010573137968579375
11970.0 0.00010438774072464197
11974.72 0.00010226796166565489
11980.0 9.989377346334527e-05
11984.71 9.702456782460087e-05
11990.0 9.377190769039559e-05
11994.71 9.025267006517541e-05
12000.0 8.633519217883096e-05
12004.7 8.262896215008094e-05
12010.0 7.844521521655177e-05
12014.7 7.469948042823475e-05
12020.0 7.047089217489393e-05
12024.69 6.69882092734197e-05
12030.0 6.3041940543965e-05
12034.69 5.988147879025214e-05
12040.0 5.630605092105464e-05
12044.68 5.354382410125603e-05
12050.0 5.040571120271546e-05
12054.669999999998 4.810412731874341e-05
12060.0 4.5482507621969215e-05
12064.669999999998 4.354098161706125e-05
12070.0 4.1325774123563464e-05
12074.660000000002 3.9712229424839846e-05
12080.0 3.7863027793811096e-05
12084.660000000002 3.6604351310700966e-05
12090.0 3.515357274119664e-05
12094.65 3.4149028987968894e-05
12100.0 3.300607788274686e-05
12104.64 3.223952704149849e-05
12110.0 3.135426928572282e-05
12114.64 3.084589153589017e-05
12120.0 3.0254885906380483e-05
12124.63 2.9904959593555072e-05
12130.0 2.9495241991326627e-05
12134.63 2.9367321729227246e-05
12140.0 2.9217589788615026e-05
12144.619999999999 2.924974283595898e-05
12150.0 2.9292733614838115e-05
12154.61 2.955384978083684e-05
12160.0 2.9853561797853962e-05
12164.61 3.0334780704703197e-05
12170.0 3.089957873265975e-05
12174.6 3.160561325327591e-05
12180.0 3.243199735319793e-05
12184.6 3.339190368839819e-05
12190.0 3.452424872072837e-05
12194.589999999998 3.583922097594893e-05
12200.0 3.7392912167380275e-05
12204.589999999998 3.909526515682279e-05
12210.0 4.109808676470795e-05
12214.580000000002 4.327305194613422e-05
12220.0 4.583247485553909e-05
12224.57 4.853152778976792e-05
12230.0 5.1750205735738203e-05
12234.57 5.512866635813373e-05
12240.0 5.913926478209002e-05
12244.560000000001 6.320740428546732e-05
12250.0 6.805392751967877e-05
12254.560000000001 7.268837333204753e-05
12260.0 7.820097481456409e-05
12264.55 8.315859115977626e-05
12270.0 8.912437525059172e-05
12274.539999999999 9.381381670777987e-05
12280.0 9.945520702287473e-05
12284.539999999999 0.00010304033568902003
12290.0 0.0001073332078398122
12294.529999999999 0.00010899984233941456
12300.0 0.00011102089538939367
12304.529999999999 0.00011052054992294809
12310.0 0.00010990765972898865
12314.52 0.00010757254042219471
12320.0 0.00010473172610325793
12324.51 0.00010132945150240695
12330.0 9.71817910322738e-05
12334.51 9.342760392444305e-05
12340.0 8.886437729906621e-05
12344.5 8.537218393191426e-05
12350.0 8.110866822615931e-05
12354.5 7.809401077037209e-05
12360.0 7.442581662853905e-05
12364.489999999998 7.199118951150783e-05
12370.0 6.89996499043446e-05
12374.489999999998 6.715519918436136e-05
12380.0 6.489508260898594e-05
12384.480000000001 6.361757064932792e-05
12390.0 6.20488220814629e-05
12394.47 6.127598877545733e-05
12400.0 6.0312565128761185e-05
12404.47 5.9999966218601526e-05
12410.0 5.960878953318722e-05
12414.460000000001 5.978946617920339e-05
12420.0 6.003001238330203e-05
12424.460000000001 6.065820321119758e-05
12430.0 6.144028381293319e-05
12434.449999999999 6.250253955276361e-05
12440.0 6.382639164949705e-05
12444.439999999999 6.538063828284836e-05
12450.0 6.733129289847263e-05
12454.439999999999 6.935333007284685e-05
12460.0 7.188071454656494e-05
12464.43 7.432751567693173e-05
12470.0 7.740650990724815e-05
12474.43 8.019561870624e-05
12480.0 8.371894698212653e-05
12484.42 8.676438931899657e-05
12490.0 9.059115879451546e-05
12494.42 9.353293346730447e-05
12500.0 9.72556122088883e-05
12504.41 9.976187221755234e-05
12510.0 0.0001029485781425327
12514.400000000001 0.00010466345272581163
12520.0 0.00010684400217375164
12524.400000000001 0.0001073883063486812
12530.0 0.0001080886151569414
12534.39 0.00010744301068888723
12540.0 0.00010660968856900618
12544.39 0.00010491332273838119
12550.0 0.00010273751476362119
12554.380000000001 0.00010036330783932845
12560.0 9.731062577277775e-05
12564.369999999999 9.465978081468066e-05
12570.0 9.126362528715343e-05
12574.369999999999 8.865715678535498e-05
12580.0 8.528870447655898e-05
12584.36 8.289111447925988e-05
12590.0 7.979205853192083e-05
12594.36 7.776269271792636e-05
12600.0 7.513319187263677e-05
12604.349999999999 7.352997445388983e-05
12610.0 7.144447215174723e-05
12614.34 7.023708253258143e-05
12620.0 6.866478602244055e-05
12624.34 6.785416750204441e-05
12630.0 6.678429279314222e-05
12634.33 6.639077536001477e-05
12640.0 6.589058552260893e-05
12644.33 6.584252156423749e-05
12650.0 6.57714205582937e-05
12654.32 6.614199590222092e-05
12660.0 6.66188316120829e-05
12664.32 6.731500711080301e-05
12670.0 6.822173960230942e-05
12674.310000000001 6.927256292533898e-05
12680.0 7.06765060786223e-05
12684.300000000001 7.210042641546808e-05
12690.0 7.396859971494069e-05
12694.300000000001 7.567944043783748e-05
12700.0 7.79545595280291e-05
12704.289999999999 7.996748178336846e-05
12710.0 8.266436087031876e-05
12714.289999999999 8.490387881225528e-05
12720.0 8.78375190419445e-05
12724.28 9.012176121456946e-05
12730.0 9.318685314004358e-05
12734.269999999999 9.53869008147401e-05
12740.0 9.833211402435519e-05
12744.269999999999 0.00010022509590848944
12750.0 0.00010279673478611885
12754.260000000002 0.00010426231583042827
12760.0 0.00010619337027122616
12764.260000000002 0.00010699986474391887
12770.0 0.00010809159845739786
12774.25 0.00010824257475627457
12780.0 0.0001084663780012747
12784.24 0.0001080094200134594
12790.0 0.00010738750862766326
12794.24 0.00010642394491886485
12800.0 0.00010509330586772841
12804.23 0.00010385311243357253
12810.0 0.00010217284066926391
12814.23 0.00010079348047669215
12820.0 9.889740129579848e-05
12824.220000000001 9.75085442860919e-05
12830.0 9.564365662963094e-05
12834.220000000001 9.445967929383465e-05
12840.0 9.28300354743274e-05
12844.210000000001 9.184975721388946e-05
12850.0 9.046946156131386e-05
12854.2 8.970412192961284e-05
12860.0 8.867298243309517e-05
12864.2 8.824630575154959e-05
12870.0 8.765195423393611e-05
12874.189999999999 8.74862380916317e-05
12880.0 8.726060534507108e-05
12884.189999999999 8.739047315790437e-05
12890.0 8.759701688002423e-05
12894.18 8.800823880015897e-05
12900.0 8.856256106912379e-05
12904.169999999998 8.918914760488024e-05
12910.0 9.005557344541727e-05
12914.169999999998 9.091085642687e-05
12920.0 9.21194717690927e-05
12924.160000000002 9.312343166342576e-05
12930.0 9.454338224688245e-05
12934.160000000002 9.561276405321556e-05
12940.0 9.709566522306183e-05
12944.15 9.817791654196291e-05
12950.0 9.97288783918882e-05
12954.14 0.0001007111037369945
12960.0 0.00010209774251978693
12964.14 0.00010287538737027702
12970.0 0.0001039573355487699
12974.130000000001 0.0001044638516970685
12980.0 0.00010517363397789388
12984.130000000001 0.00010535322833447668
12990.0 0.00010566062852265856
12994.12 0.00010550656497079494
13000.0 0.00010525849909530241
13004.12 0.00010480213569916016
13010.0 0.00010415735169903784
13014.11 0.00010344895296377242
13020.0 0.00010244837017307406
13024.1 0.00010158021157983023
13030.0 0.0001003252801914565
13034.1 9.937043168147326e-05
13040.0 9.80184335170578e-05
13044.089999999998 9.710594163245349e-05
13050.0 9.574523298593161e-05
13054.089999999998 9.486068725053282e-05
13060.0 9.357947489648525e-05
13064.080000000002 9.286580395490253e-05
13070.0 9.185363162457472e-05
13074.07 9.132473347227555e-05
13080.0 9.055543123019905e-05
13084.07 9.025442723625486e-05
13090.0 8.982866004617498e-05
13094.06 8.973852533479636e-05
13100.0 8.959954449267589e-05
13104.06 8.975653479728572e-05
13110.0 8.999010527786459e-05
13114.05 9.03758062661736e-05
13120.0 9.09529607782806e-05
13124.04 9.15993129229166e-05
13130.0 9.252266966640509e-05
13134.04 9.33432545279904e-05
13140.0 9.454023973982337e-05
13144.029999999999 9.55216995360012e-05
13150.0 9.699988680499563e-05
13154.029999999999 9.811075958162826e-05
13160.0 9.978543342635165e-05
13164.02 0.00010099836723514614
13170.0 0.00010279814863913837
13174.02 0.00010397755697473896
13180.0 0.00010569614146637278
13184.01 0.00010668326831172612
13190.0 0.00010812890069205716
13194.0 0.00010886984782510468
13200.0 0.0001100531242252075
13204.0 0.00011045012466256456
13210.0 0.0001110161065027088
13213.989999999998 0.00011094511020632573
13220.0 0.00011087128377201423
13223.989999999998 0.00011034638303577876
13230.0 0.00010949613314311801
13233.98 0.000108458552035456
13240.0 0.00010691320809742202
13243.970000000001 0.00010553482828233536
13250.0 0.00010343895528924088
13253.970000000001 0.0001017491983232906
13260.0 9.917739687074921e-05
13263.96 9.732141624043296e-05
13270.0 9.450768377159148e-05
13273.96 9.260952491481002e-05
13280.0 8.970886408302903e-05
13283.95 8.783891200981457e-05
13290.0 8.497744547846561e-05
13293.94 8.322076129685824e-05
13300.0 8.04764663460966e-05
13303.94 7.886174288590164e-05
13310.0 7.641281982332984e-05
13313.929999999998 7.501651719751213e-05
13320.0 7.286965193682338e-05
13323.929999999998 7.167199078710432e-05
13330.0 6.979169372961584e-05
13333.92 6.877016039676756e-05
13340.0 6.718891543326222e-05
13343.92 6.636208715875089e-05
13350.0 6.509174930826197e-05
13353.91 6.446646172989903e-05
13360.0 6.348977517166422e-05
13363.900000000001 6.305621862420105e-05
13370.0 6.23636632683074e-05
13373.900000000001 6.211204622911677e-05
13380.0 6.173467044436665e-05
13383.89 6.168520976283605e-05
13390.0 6.162155120074694e-05
13393.89 6.174498234256557e-05
13400.0 6.189996953678354e-05
13403.88 6.216155060888585e-05
13410.0 6.258572405676979e-05
13413.870000000003 6.307115190880841e-05
13420.0 6.384319815261474e-05
13423.870000000003 6.449367052283301e-05
13430.0 6.555237461424694e-05
13433.86 6.64365959709925e-05
13440.0 6.78330244609259e-05
13443.86 6.890130109204874e-05
13450.0 7.056577771188086e-05
13453.85 7.179850506972223e-05
13460.0 7.379087941512596e-05
13463.84 7.525139777479208e-05
13470.0 7.75953631892739e-05
13473.84 7.924607588653204e-05
13480.0 8.1875869126521e-05
13483.829999999998 8.367001285958298e-05
13490.0 8.654358121580086e-05
13493.829999999998 8.843422224199987e-05
13500.0 9.152817591577723e-05
13503.82 9.34434993796269e-05
13510.0 9.654085972156527e-05
13513.82 9.837527343459675e-05
13520.0 0.00010130368492054575
13523.810000000001 0.00010286703978641505
13530.0 0.00010540061413350596
13533.800000000001 0.00010650069569676621
13540.0 0.00010835861748045356
13543.800000000001 0.0001088825702414138
13550.0 0.0001096654701354921
13553.789999999999 0.00010939998363961975
13560.0 0.00010896594678121756
13563.789999999999 0.000107957779885281
13570.0 0.00010631242391645213
13573.779999999999 0.00010459385074196594
13580.0 0.00010179078476159693
13583.770000000002 9.953835601070497e-05
13590.0 9.582584045650407e-05
13593.770000000002 9.323452073266049e-05
13600.0 8.896953765982334e-05
13603.76 8.621227454167896e-05
13610.0 8.159315792009737e-05
13613.76 7.88371176641079e-05
13620.0 7.423254475853404e-05
13623.75 7.157404099381167e-05
13630.0 6.71749940171582e-05
13633.74 6.47801010939492e-05
13640.0 6.0800834133948146e-05
13643.74 5.863233228931453e-05
13650.0 5.500539260055916e-05
13653.729999999998 5.310491443230493e-05
13660.0 4.9876732077561645e-05
13663.729999999998 4.819262964251878e-05
13670.0 4.53696657256407e-05
13673.720000000001 4.390406363830487e-05
13680.0 4.1452020392597396e-05
13683.720000000001 4.020701918731534e-05
13690.0 3.807873616608864e-05
13693.710000000001 3.700416846839751e-05
13700.0 3.5184924120887405e-05
13703.699999999999 3.42448595118335e-05
13710.0 3.267627747009052e-05
13713.699999999999 3.19094012714656e-05
13720.0 3.057576901381687e-05
13723.689999999999 2.992382870785062e-05
13730.0 2.8817996191513536e-05
13733.689999999999 2.8248976660592682e-05
13740.0 2.7275863237165284e-05
13743.68 2.681098851740251e-05
13750.0 2.6013018718942154e-05
13753.670000000002 2.565226096574209e-05
13760.0 2.503357722760053e-05
13763.670000000002 2.4726271299881757e-05
13770.0 2.420435106377474e-05
13773.66 2.3953420635382712e-05
13780.0 2.3505603334284293e-05
13783.66 2.334948503980554e-05
13790.0 2.3074492970402417e-05
13793.65 2.2941548921128074e-05
13800.0 2.271766054655676e-05
13803.64 2.2640330878525506e-05
13810.0 2.2504718696220948e-05
13813.64 2.250304585468124e-05
13820.0 2.2500566560503863e-05
13823.629999999997 2.2524581679388487e-05
13830.0 2.2578231559192224e-05
13833.629999999997 2.268488929105344e-05
13840.0 2.286182122248497e-05
13843.62 2.2987473857296597e-05
13850.0 2.3203155365017666e-05
13853.62 2.3401325330459968e-05
13860.0 2.3759541703428046e-05
13863.61 2.401233911216093e-05
13870.0 2.445793890152869e-05
13873.599999999999 2.4759498663151256e-05
13880.0 2.5298911664911224e-05
13883.599999999999 2.5677341656509882e-05
13890.0 2.6342231758752275e-05
13893.59 2.6790109266758808e-05
13900.0 2.7604012570782555e-05
13903.59 2.8135447714734726e-05
13910.0 2.9079993390816072e-05
13913.58 2.968229372855068e-05
13920.0 3.074753855444263e-05
13923.570000000002 3.1439326710426096e-05
13930.0 3.2708953123735616e-05
13933.570000000002 3.3538647530196234e-05
13940.0 3.502907636107011e-05
13943.56 3.595421181989202e-05
13950.0 3.7610533510653855e-05
13953.56 3.8649615630156407e-05
13960.0 4.052325242003998e-05
13963.55 4.1679460438802196e-05
13970.0 4.379886984668486e-05
13973.54 4.513507827998097e-05
13980.0 4.7550361518388085e-05
13983.54 4.8996401929622556e-05
13990.0 5.167930329510523e-05
13993.529999999999 5.331857205084236e-05
14000.0 5.630725663291488e-05
14003.529999999999 5.80613478340399e-05
14010.0 6.126877897245748e-05
14013.52 6.31366620649207e-05
14020.0 6.656893021428589e-05
14023.52 6.853122793531643e-05
14030.0 7.215021185318005e-05
14033.510000000002 7.415900167153161e-05
14040.0 7.787733898669466e-05
14043.5 7.985701720865696e-05
14050.0 8.351246257134194e-05
14053.5 8.538494555885781e-05
14060.0 8.889335716245756e-05
14063.49 9.062773605696181e-05
14070.0 9.384631810535024e-05
14073.49 9.530730864117645e-05
14080.0 9.803835603625377e-05
14083.48 9.918021750668218e-05
14090.0 0.000101285499488879
14093.470000000001 0.00010206660393320788
14100.0 0.00010352054539496741
14103.470000000001 0.00010390519389360387
14110.0 0.00010468643251544584
14113.46 0.00010476536667439236
14120.0 0.00010496107159686224
14123.46 0.00010474819113228496
14130.0 0.00010429439864410042
14133.45 0.00010379060406127394
14140.0 0.00010268757680218379
14143.45 0.00010194069528533398
14150.0 0.00010076473943513583
14153.44 9.997665556215051e-05
14160.0 9.83504513345248e-05
14163.429999999998 9.743068818407903e-05
14170.0 9.563631448342592e-05
14173.429999999998 9.4649347016184e-05
14180.0 9.278971928998308e-05
14183.420000000002 9.184867186000854e-05
14190.0 9.005910974881464e-05
14193.420000000002 8.915295324246595e-05
14200.0 8.740038849504344e-05
14203.410000000002 8.654015063201274e-05
14210.0 8.486879985099624e-05
14213.4 8.405182708902205e-05
14220.0 8.248885935633228e-05
14223.4 8.178175755373006e-05
14230.0 8.042107404494455e-05
14233.39 7.979072789749982e-05
14240.0 7.853645431357355e-05
14243.39 7.79641787585267e-05
14250.0 7.685148994448598e-05
14253.38 7.637726715949988e-05
14260.0 7.544549834612311e-05
14263.370000000003 7.506512353284849e-05
14270.0 7.429189302286708e-05
14273.370000000003 7.396928262858027e-05
14280.0 7.334763775068508e-05
14283.36 7.3102659311462e-05
14290.0 7.265278598968743e-05
14293.36 7.249529868993765e-05
14300.0 7.218005282390674e-05
14303.35 7.211427779840691e-05
14310.0 7.194915856243546e-05
14313.35 7.195876329888787e-05
14320.0 7.198639007364472e-05
14323.339999999998 7.20468764870432e-05
14330.0 7.219422670858102e-05
14333.329999999998 7.23601226268138e-05
14340.0 7.268684627047621e-05
14343.329999999998 7.289648890862802e-05
14350.0 7.332547354268694e-05
14353.320000000002 7.36310472889263e-05
14360.0 7.42383911988732e-05
14363.320000000002 7.460949247540684e-05
14370.0 7.535930520035066e-05
14373.310000000001 7.577693755701613e-05
14380.0 7.659325151408163e-05
14383.3 7.706431193391966e-05
14390.0 7.803140187423198e-05
14393.3 7.857748740947467e-05
14400.0 7.967581213918381e-05
14403.289999999999 8.025914274525403e-05
14410.0 8.14853311144503e-05
14413.289999999999 8.213044145166812e-05
14420.0 8.343610024930851e-05
14423.279999999999 8.41000788132355e-05
14430.0 8.546045399060917e-05
14433.270000000002 8.616596874792757e-05
14440.0 8.761768304434142e-05
14443.270000000002 8.832574176608138e-05
14450.0 8.97584358293511e-05
14453.26 9.044973632012742e-05
14460.0 9.190604762016923e-05
14463.26 9.258768048029814e-05
14470.0 9.403656575475838e-05
14473.25 9.471291968193428e-05
14480.0 9.608810391047516e-05
14483.25 9.66843958275983e-05
14490.0 9.791541290544622e-05
14493.239999999998 9.846083292013671e-05
14500.0 9.959318328365638e-05
14503.23 0.00010004496918780313
14510.0 0.00010095935382604523
14513.23 0.00010130707349815296
14520.0 0.0001020729199525983
14523.220000000001 0.00010234658617898232
14530.0 0.00010290332753049646
14533.220000000001 0.0001030568934042072
14540.0 0.00010338544889963304
14543.210000000001 0.00010347320321440614
14550.0 0.00010369970731410881
14553.199999999999 0.00010369627625623968
14560.0 0.0001036901916760704
14563.199999999999 0.00010361962361807177
14570.0 0.00010341296510149158
14573.189999999999 0.00010327354943051812
14580.0 0.0001029832062141088
14583.189999999999 0.00010277723965055315
14590.0 0.00010234218703524724
14593.18 0.0001021190994948978
14600.0 0.0001016330561249934
14603.17 0.00010140467201541687
14610.0 0.00010092263443255847
14613.17 0.00010067902575696582
14620.0 0.0001001662678706851
14623.16 9.997353989255492e-05
14630.0 9.95234612200933e-05
14633.16 9.933785465485641e-05
14640.0 9.897015817549502e-05
14643.150000000001 9.886495036436848e-05
14650.0 9.861357881944237e-05
14653.150000000001 9.854241627327573e-05
14660.0 9.840940224456308e-05
14663.14 9.841485448121797e-05
14670.0 9.843517940546768e-05
14673.13 9.853034008399808e-05
14680.0 9.867684428681311e-05
14683.13 9.882938634817558e-05
14690.0 9.918825603317283e-05
14693.12 9.943919949821865e-05
14700.0 9.998035902786506e-05
14703.12 0.00010035762005935278
14710.0 0.00010118259669392641
14713.11 0.00010166002020026228
14720.0 0.0001027904966826697
14723.099999999999 0.00010340867689907352
14730.0 0.00010475932273468647
14733.099999999999 0.00010551683858434752
14740.0 0.00010714520052620583
14743.09 0.00010802158030588906
14750.0 0.00010999370276461757
14753.09 0.00011104936923692488
14760.0 0.00011338307565457864
14763.08 0.00011461280869050507
14770.0 0.00011749094361610709
14773.07 0.00011896092628496095
14780.0 0.00012216560657504993
14783.07 0.00012381726125316173
14790.0 0.00012759177429250482
14793.060000000001 0.0001295143415102344
14800.0 0.00013386301439561533
14803.060000000001 0.00013605277260606352
14810.0 0.00014103052145541503
14813.050000000001 0.00014353509359790392
14820.0 0.0001492277138692597
14823.050000000001 0.00015210440295699272
14830.0 0.00015866641079304356
14833.039999999999 0.00016197817239699716
14840.0 0.0001695207459396825
14843.029999999999 0.00017326196718461202
14850.0 0.00018187177699782834
14853.029999999999 0.00018617852625330946
14860.0 0.00019616395191394566
14863.02 0.00020113755366825764
14870.0 0.00021261320749824673
14873.02 0.00021832858173169805
14880.0 0.00023148050539825902
14883.010000000002 0.00023804325980759843
14890.0 0.0002533209629265662
14893.0 0.00026093367521945476
14900.0 0.00027870060297865854
14903.0 0.0002875136867477437
14910.0 0.0003081006654739683
14912.99 0.0003183817192758468
14920.0 0.0003425356469927351
14922.99 0.0003545733133313464
14930.0 0.0003826779233394046
14932.979999999998 0.00039674019712086577
14940.0 0.00042985580825288014
14942.970000000001 0.00044636004770999316
14950.0 0.0004855441560673868
14952.970000000001 0.0005051547373056374
14960.0 0.0005513366762606922
14962.960000000001 0.0005745073888164549
14970.0 0.0006298008404965536
14972.960000000001 0.0006575972502117929
14980.0 0.0007241966783611842
14982.95 0.0007577598998181524
14990.0 0.0008370878813513869
14992.95 0.0008772437123568409
15000.0 0.0009738659172181195
15002.939999999999 0.001022818205786594
15010.0 0.0011402752929106845
15012.929999999998 0.0011999227315939653
15020.0 0.0013434151009673113
15022.929999999998 0.0014165896721473545
15030.0 0.0015940159943586291
15032.920000000002 0.0016848498181013074
15040.0 0.0019049560880024484
15042.920000000002 0.0020182153296866793
15050.0 0.0022921235999181075
15052.910000000002 0.002433627148903115
15060.0 0.002779200306646752
15062.9 0.0029582079260894885
15070.0 0.003394355930835278
15072.9 0.0036218023941218275
15080.0 0.00418313956049429
15082.89 0.0044772546276553365
15090.0 0.0051985603844659
15092.89 0.005579269234543119
15100.0 0.006512427893168988
15102.879999999997 0.007007746675950956
15110.0 0.008239759518169116
15112.87 0.008896764452885696
15120.0 0.010517862445531464
15122.87 0.011389813404079758
15130.0 0.013566089866937182
15132.86 0.01474361351770123
15140.0 0.017691150590909567
15142.86 0.01929957396611647
15150.0 0.023292368820500186
15152.85 0.025484436251991663
15160.0 0.030989866152395282
15162.85 0.034034343530136145
15170.0 0.04168646946911155
15172.839999999998 0.045930353841259534
15180.0 0.05662040347878055
15182.829999999998 0.06253833305692309
15190.0 0.07751305004980333
15192.829999999998 0.08577082945819257
15200.0 0.10669412018262368
15202.820000000002 0.11804907137745771
15210.0 0.14702920153082524
15212.820000000002 0.16233248434688075
15220.0 0.2012599365698888
15222.81 0.22080934909516067
15230.0 0.2706200423566446
15232.8 0.2937426286294368
15240.0 0.3535665993906362
15242.8 0.3785825609299302
15250.0 0.4426784927619921
15252.79 0.46606104568484086
15260.0 0.5265877868957243
15262.79 0.5455373394928922
15270.0 0.5941732693681261
15272.779999999999 0.6070181940348985
15280.0 0.6407894501162346
15282.77 0.6483046524575009
15290.0 0.6677081322074789
15292.77 0.6711769626544027
15300.0 0.68016978209908
15302.76 0.6812461057570146
15310.0 0.6836775538419283
15312.76 0.6834730227579002
15320.0 0.6834805926812829
15322.75 0.68311669120013
15330.0 0.6819335045719228
15332.75 0.6815127428612435
15340.0 0.6803884247701615
15342.739999999998 0.6801451491804554
15350.0 0.6800685034738031
15352.73 0.6802354252362357
15360.0 0.680116960608855
15362.73 0.680215001518132
15370.0 0.6800206456063398
15372.720000000001 0.680011162676684
15380.0 0.6808311319181686
15382.720000000001 0.6811333374991925
15390.0 0.6820713023225178
15392.71 0.6823614985811168
15400.0 0.6822388014919243
15402.7 0.6821006931596663
15410.0 0.6819158764782606
15412.7 0.6817529902991873
15420.0 0.6815415968179788
15422.69 0.6813780046750676
15430.0 0.6814268382227334
15432.69 0.6813841156961027
15440.0 0.6808093315226248
15442.679999999998 0.6805715751785708
15450.0 0.6795597043522714
15452.67 0.679192870669322
15460.0 0.6787690801827562
15462.67 0.6786437170544681
15470.0 0.6778460043033162
15472.66 0.6776061542162742
15480.0 0.6769625943451586
15482.66 0.6767892310051787
15490.0 0.676979123217681
15492.650000000001 0.6771113819753434
15500.0 0.6767734534227394
15502.650000000001 0.6767147315154585
15510.0 0.6767941348911585
15512.64 0.6768676141903087
15520.0 0.6775337876015874
15522.63 0.6778004623273712
15530.0 0.6780549059138187
15532.63 0.6781537860694962
15540.0 0.6786128773470248
15542.620000000003 0.678765925552557
15550.0 0.6793852380083979
15552.620000000003 0.6795787613672464
15560.0 0.6798061641372541
15562.61 0.6798481189089158
15570.0 0.6800578382911896
15572.6 0.680083264601151
15580.0 0.6800827605806405
15582.6 0.680034233837632
15590.0 0.6803486633805597
15592.59 0.6804085320803046
15600.0 0.6804508310677322
15602.59 0.6804274418974737
15610.0 0.6797617101192984
15612.579999999998 0.6794979957559608
15620.0 0.6790699532592076
15622.57 0.6789018017430608
15630.0 0.6790060360241429
15632.57 0.6790339837030371
15640.0 0.6785188867784786
15642.560000000001 0.6783454003406069
15650.0 0.6778821652054019
15652.560000000001 0.6777406436213596
15660.0 0.6774417469283228
15662.550000000001 0.677366965924865
15670.0 0.6769554970196403
15672.550000000001 0.6768482837847969
15680.0 0.6769966842346209
15682.539999999999 0.6770846798295677
15690.0 0.6773604492528443
15692.529999999999 0.6774952067905187
15700.0 0.6773396239113681
15702.529999999999 0.6773242225064695
15710.0 0.6777975605737154
15712.520000000002 0.6779905461232812
15720.0 0.6785952073576362
15722.520000000002 0.6788263985655434
15730.0 0.6792638425805464
15732.51 0.6794301666363703
15740.0 0.6794950063716225
15742.5 0.6795243264812587
15750.0 0.6798807066535938
15752.5 0.6800014257122264
15760.0 0.6813839983234595
15762.49 0.6818336086056677
15770.0 0.6827522164191454
15772.49 0.6830414168297899
15780.0 0.6835717703050727
15782.479999999998 0.6837218295371693
15790.0 0.6840461405171153
15792.479999999998 0.6841260462189458
15800.0 0.6838367175041952
15802.470000000001 0.6837127697526743
15810.0 0.6841094697805432
15812.460000000001 0.6842084287940969
15820.0 0.6847495066467268
15822.460000000001 0.6848972728243053
15830.0 0.6848578894699134
15832.449999999999 0.6848202477695247
15840.0 0.6847905843621865
15842.449999999999 0.6847618324523548
15850.0 0.6847044379696329
15852.439999999999 0.6846725393892095
15860.0 0.6849539912167075
15862.43 0.6850367864397428
15870.0 0.6849310017380038
15872.43 0.6848970149580269
15880.0 0.6849660633783732
15882.420000000002 0.6849975437649107
15890.0 0.684615236635965
15892.420000000002 0.6845045493908243
15900.0 0.684019358244477
15902.41 0.6838820748942648
15910.0 0.683899301089346
15912.4 0.6839272472827675
15920.0 0.6840385642913327
15922.4 0.6840981097926697
15930.0 0.6839049148737439
15932.39 0.683866580966557
15940.0 0.684273377149875
15942.39 0.6844254625431999
15950.0 0.684863471326259
15952.379999999997 0.6850209822130594
15960.0 0.6854428981388121
15962.379999999997 0.685591484838505
15970.0 0.6856251307240387
15972.37 0.6856485468227699
15980.0 0.6860163163700165
15982.36 0.6861393236651772
15990.0 0.6864395338010135
15992.36 0.6865322643734675
16000.0 0.6866202986650491
16002.349999999999 0.686665128697939
16010.0 0.6873328735892351
16012.349999999999 0.6875307166195898
16020.0 0.6884665156191815
16022.34 0.6887418919668542
16030.0 0.6887885708475057
16032.33 0.6887862834152767
16040.0 0.6886057219553917
16042.33 0.6885343723448138
16050.0 0.6885200618866086
16052.320000000002 0.6884993533663706
16060.0 0.6889519591063521
16062.320000000002 0.6890723551695466
16070.0 0.6893280343075094
16072.31 0.6893886498555613
16080.0 0.689280055572349
16082.3 0.6892331420574502
16090.0 0.688958919661351
16092.3 0.6888661846037318
16100.0 0.6887244894987045
16102.29 0.6886733708511251
16110.0 0.6884913081576217
16112.29 0.6884336380445858
16120.0 0.6885664858279072
16122.279999999999 0.6886075455867712
16130.0 0.6885416432445958
16132.279999999999 0.688525746455009
16140.0 0.6886250811894966
16142.27 0.6886631821654412
16150.0 0.6884793861057291
16152.260000000002 0.6884380491338427
16160.0 0.6882564919574701
16162.260000000002 0.6882194161473916
16170.0 0.6882323940431556
16172.25 0.6882485099309158
16180.0 0.6880790264663105
16182.25 0.6880474327343762
16190.0 0.6879479836538807
16192.24 0.6879350054122386
16200.0 0.6883906095795143
16202.23 0.6885338102479015
16210.0 0.6886558000157595
16212.23 0.6887047756159566
16220.0 0.689252440010481
16222.220000000001 0.6894194127036276
16230.0 0.6897153232113018
16232.220000000001 0.689806721241691
16240.0 0.6900773996925811
16242.21 0.6901612073671543
16250.0 0.6903794484164386
16252.2 0.69044277503288
16260.0 0.6902845706997676
16262.2 0.6902398261705281
16270.0 0.6908730970073673
16272.19 0.6910440969675612
16280.0 0.6915817027512925
16282.19 0.6917239099162523
16290.0 0.6924450016473757
16292.179999999998 0.6926343872961639
16300.0 0.6927590146443354
16302.179999999998 0.6927783367196039
16310.0 0.6928921419161116
16312.170000000002 0.6929066819995914
16320.0 0.6932341035447529
16322.160000000002 0.6933074938778332
16330.0 0.6927952744587939
16332.160000000002 0.6926354691946796
16340.0 0.69291684387432
16342.15 0.6929805248330769
16350.0 0.6933086853238004
16352.15 0.6933833805329545
16360.0 0.6939079620046564
16362.14 0.6940391917111347
16370.0 0.6937694659613703
16372.13 0.6936880011001852
16380.0 0.6930472460764143
16382.13 0.6928688207124205
16390.0 0.6933423079889095
16392.120000000003 0.6934648193735014
16400.0 0.6932339343933203
16402.120000000003 0.693171812198972
16410.0 0.6930904281491359
16412.11 0.6930735987325652
16420.0 0.6930289285513674
16422.1 0.6930236314790789
16430.0 0.6931956706160088
16432.1 0.6932512998182339
16440.0 0.6925682331518105
16442.089999999997 0.692400668455512
16450.0 0.6926642661166158
16452.089999999997 0.6927503525186389
16460.0 0.6930423425864836
16462.079999999998 0.6931338648868163
16470.0 0.6929218192647795
16472.079999999998 0.692884109596982
16480.0 0.6932282643532297
16482.07 0.6933328964644501
16490.0 0.6934204833698245
16492.06 0.6934594349868094
16500.0 0.6936699120045147
16502.06 0.6937140008702168
16510.0 0.6939960734213663
16512.05 0.6940801969307563
16520.0 0.6949634093758822
16522.05 0.6951993201817298
16530.0 0.6959484854624762
16532.04 0.696150443266747
16540.0 0.6964769495835386
16542.03 0.696561807801202
16550.0 0.6967968208221379
16552.03 0.6968598517960286
16560.0 0.6967886448413899
16562.020000000004 0.6967689171074595
16570.0 0.6973914735345674
16572.020000000004 0.6975427409885275
16580.0 0.6978654158871042
16582.010000000002 0.6979387665033129
16590.0 0.6979452193935435
16592.0 0.6979389089195985
16600.0 0.6993246511632525
16602.0 0.6996554682046685
16610.0 0.6994184464243318
16611.989999999998 0.699346883676218
16620.0 0.6991551923733198
16621.989999999998 0.6990934260559016
16630.0 0.6989724724114893
16631.98 0.6989269681543324
16640.0 0.6998237129894321
16641.98 0.7000326490539351
16650.0 0.699916583519464
16651.97 0.6998740954084549
16660.0 0.6998385905962085
16661.960000000003 0.6998191094874758
16670.0 0.6994683512208107
16671.960000000003 0.6993720399876026
16680.0 0.6986652018216357
16681.95 0.6984891882890579
16690.0 0.6987945061712877
16691.95 0.6988622973719547
16700.0 0.6985778385305903
16701.94 0.6985092925864748
16710.0 0.698453469603048
16711.93 0.6984385748515178
16720.0 0.6982440592586159
16721.93 0.6982021008190947
16730.0 0.6978078725990555
16731.92 0.6977186266864823
16740.0 0.6972903847295464
16741.92 0.6971961926158258
16750.0 0.6967914799261437
16751.91 0.6967033328751165
16760.0 0.6964282193668748
16761.9 0.6963740678641411
16770.0 0.6961716353714692
16771.9 0.6961360987406546
16780.0 0.6958527051228877
16781.89 0.6957984522681142
16790.0 0.696486241850301
16791.89 0.6966569566729931
16800.0 0.6972083977343942
16801.879999999997 0.6973510498922495
16810.0 0.6970884283434051
16811.879999999997 0.6970379368721034
16820.0 0.6967933198403036
16821.870000000003 0.6967472241513097
16830.0 0.6964824586623284
16831.86 0.6964291227590137
16840.0 0.6967417767486624
16841.86 0.6968205210373397
16850.0 0.6972049730482249
16851.85 0.6972952607143837
16860.0 0.6967972365958914
16861.85 0.6966869639973964
16870.0 0.6968245667717616
16871.84 0.6968570412061628
16880.0 0.6981770355081548
16881.83 0.698470336754108
16890.0 0.6983599745165363
16891.83 0.69833231495053
16900.0 0.698318568947104
16901.82 0.698311176500148
16910.0 0.6987953278909248
16911.82 0.6988945081521267
16920.0 0.6994797229432548
16921.81 0.699603570158002
16930.0 0.6995866690660637
16931.8 0.6995716333355058
16940.0 0.6991699332154976
16941.8 0.6990732417465917
16950.0 0.6986439184127062
16951.789999999997 0.6985403520545345
16960.0 0.6998112745671473
16961.789999999997 0.7000786094694119
16970.0 0.6997131737232907
16971.78 0.6996241650611378
16980.0 0.6992641301943163
16981.78 0.6991791898761429
16990.0 0.6994231176519241
16991.77 0.6994687125737101
17000.0 0.699445550910994
17001.760000000002 0.6994414588581215
17010.0 0.6993738318272004
17011.760000000002 0.6993538723684471
17020.0 0.6994538282856144
17021.75 0.6994723118401427
17030.0 0.6990125739295359
17031.75 0.6989150586378212
17040.0 0.6987355583445872
17041.739999999998 0.6986963384495775
17050.0 0.6986335282525888
17051.729999999996 0.6986230804912767
17060.0 0.6979087682837378
17061.729999999996 0.6977634075985596
17070.0 0.6978820908793787
17071.72 0.6979108094463646
17080.0 0.6986754637006426
17081.72 0.6988410421584774
17090.0 0.6987454035030272
17091.71 0.6987323472383069
17100.0 0.6985456693401232
17101.7 0.6985153688565982
17110.0 0.6991196173443918
17111.7 0.6992500606879972
17120.0 0.6993007369662506
17121.69 0.6993203236141492
17130.0 0.698909780804546
17131.69 0.6988328685481889
17140.0 0.6993501309654555
17141.68 0.6994613101224431
17150.0 0.6998814406188545
17151.68 0.6999728759880324
17160.0 0.700046560000876
17161.670000000002 0.7000652587249614
17170.0 0.700890170774937
17171.660000000003 0.7010598247299216
17180.0 0.7015793882408113
17181.660000000003 0.7016854333278739
17190.0 0.7015193475912034
17191.65 0.7014877282454595
17200.0 0.7015087796814491
17201.65 0.7015129056723848
17210.0 0.7023896360271789
17211.64 0.702559326132798
17220.0 0.7036289759114753
17221.629999999997 0.7038350582501793
17230.0 0.70388555378499
17231.629999999997 0.7038902435395861
17240.0 0.7041806926220513
17241.62 0.704231823978193
17250.0 0.7046144060115784
17251.62 0.7046820177365156
17260.0 0.7049977019056922
17261.61 0.7050520378731906
17270.0 0.7051370119337714
17271.600000000002 0.7051456709179793
17280.0 0.7050134837549716
17281.600000000002 0.7049807539171931
17290.0 0.7060726843934418
17291.59 0.7062719093797668
17300.0 0.7064668535674343
17301.59 0.706497459620239
17310.0 0.7058427301464545
17311.579999999998 0.705713504953555
17320.0 0.7057317227052888
17321.579999999998 0.7057301743285627
17330.0 0.7058232769273657
17331.57 0.7058356997518743
17340.0 0.7066230790876848
17341.559999999998 0.7067663215211315
17350.0 0.7066767833408798
17351.559999999998 0.7066565488416325
17360.0 0.7065499003166257
17361.55 0.706530313506237
17370.0 0.7062124293664798
17371.55 0.7061529027629783
17380.0 0.7058639024063774
17381.54 0.7058124468751521
17390.0 0.7063300834890874
17391.53 0.7064260955917139
17400.0 0.7065206711845646
17401.53 0.7065413672780755
17410.0 0.7067184547696705
17411.52 0.7067550230049812
17420.0 0.7068126937756053
17421.52 0.70682782274612
17430.0 0.7070055442934456
17431.510000000002 0.7070431445247873
17440.0 0.7071882089645215
17441.5 0.7072209386870961
17450.0 0.7069671295652861
17451.5 0.7069270603060326
17460.0 0.7072425412134435
17461.489999999998 0.7073049015259691
17470.0 0.7070556587046847
17471.489999999998 0.7070190472684642
17480.0 0.7081638130379434
17481.48 0.7083676340306139
17490.0 0.7082328236906245
17491.48 0.7082140551931844
17500.0 0.7086900210570167
17501.47 0.7087088695224285
17510.0 0.7084303208093226
17511.46 0.7083860807999265
17520.0 0.7085954410242512
17521.46 0.7086335035927016
17530.0 0.7084337179886658
17531.45 0.7084009157213407
17540.0 0.7082655125399383
17541.45 0.7082436658085762
17550.0 0.7077425236114873
17551.44 0.707658101237432
17560.0 0.707821138652077
17561.429999999997 0.7078460954983713
17570.0 0.7077317842741199
17571.429999999997 0.7077093143713806
17580.0 0.707790980444542
17581.420000000002 0.7078033682622188
17590.0 0.7070465443722039
17591.420000000002 0.7069157165710546
17600.0 0.7069669576716772
17601.41 0.7069720351988468
17610.0 0.7070440167515264
17611.41 0.7070513832849473
17620.0 0.7069924466970393
17621.4 0.7069773344725648
17630.0 0.7066620285178004
17631.39 0.7066067062625949
17640.0 0.7062178143237637
17641.39 0.7061485061212893
17650.0 0.7064367263295205
17651.379999999997 0.7064774719327048
17660.0 0.7059903111186919
17661.379999999997 0.7059069355394488
17670.0 0.7053260397353623
17671.370000000003 0.705227315528112
17680.0 0.7048102709729561
17681.36 0.7047413695487987
17690.0 0.7042840624003535
17691.36 0.7042099667727176
17700.0 0.7036908605146878
17701.35 0.7036066091095582
17710.0 0.7034855464443651
17711.35 0.7034676757945421
17720.0 0.7028340725446667
17721.34 0.7027369927098067
17730.0 0.7017628747482099
17731.329999999998 0.7016143716510449
17740.0 0.7013827014346992
17741.329999999998 0.7013492168173485
17750.0 0.7008890417387701
17751.32 0.7008200167525056
17760.0 0.7002630206591176
17761.32 0.7001814118018986
17770.0 0.6997301616986628
17771.31 0.699664100941845
17780.0 0.7000348728749113
17781.31 0.7000937500612592
17790.0 0.6997526454628674
17791.300000000003 0.6997056522230192
17800.0 0.6992195164961867
17801.29 0.6991514466620148
17810.0 0.6985537250993391
17811.29 0.6984692142341485
17820.0 0.6980883168556521
17821.28 0.6980363051564287
17830.0 0.6975919303135883
17831.28 0.6975316539312639
17840.0 0.6974479265565277
17841.27 0.6974396414982145
17850.0 0.6967858911792593
17851.26 0.696693488575286
17860.0 0.696735180125764
17861.26 0.6967450571827046
17870.0 0.697141059575136
17871.25 0.6971986250669915
17880.0 0.6972316273819138
17881.25 0.6972372835065821
17890.0 0.69685782582305
17891.24 0.6968040412164969
17900.0 0.6968494721009756
17901.23 0.6968558275666346
17910.0 0.6973910347031491
17911.23 0.6974641610850535
17920.0 0.697602262403768
17921.22 0.6976195651898017
17930.0 0.6969344065576842
17931.22 0.6968363876538441
17940.0 0.6964979837929525
17941.21 0.6964476153641883
17950.0 0.6962757265243505
17951.21 0.6962492593251175
17960.0 0.6961097280921881
17961.199999999997 0.6960860516586264
17970.0 0.6961288411847042
17971.19 0.6961300276545708
17980.0 0.6951022945562655
17981.19 0.6949598660076873
17990.0 0.6948580448293901
17991.18 0.6948398614393575
18000.0 0.6956077126392056
18001.18 0.6957651243286302
18010.0 0.695477565550077
18011.170000000002 0.6954367206878243
18020.0 0.6954489442944182
18021.16 0.695446985312507
18030.0 0.6955172249132127
18031.16 0.6955228757336892
18040.0 0.6957941314625593
18041.15 0.6958276473891787
18050.0 0.6957445385482303
18051.15 0.6957319692483697
18060.0 0.6958696829080171
18061.14 0.6958856640806607
18070.0 0.6955342103230894
18071.129999999997 0.6954893878514492
18080.0 0.695031172806794
18081.129999999997 0.6949736699289785
18090.0 0.6954388495278454
18091.120000000003 0.6954975775796751
18100.0 0.695580556570228
18101.120000000003 0.6955936037363507
18110.0 0.6957186320136588
18111.11 0.6957359660984218
18120.0 0.6958134884713463
18121.11 0.6958265845671677
18130.0 0.6960107074884699
18131.1 0.6960368781844172
18140.0 0.6965028864823545
18141.09 0.6965633223619815
18150.0 0.6976492957151154
18151.09 0.6977863673392439
18160.0 0.6968198445065763
18161.079999999998 0.696706837518345
18170.0 0.6969585074632532
18171.079999999998 0.6969931484441027
18180.0 0.6968350571961591
18181.070000000003 0.6968202111253002
18190.0 0.6975987140975093
18191.06 0.6976952377410913
18200.0 0.6974432735797537
18201.06 0.6974174697391057
18210.0 0.6992770195417527
18211.05 0.6994979402276584
18220.0 0.699844594676267
18221.05 0.6998877075480319
18230.0 0.6996143780874632
18231.04 0.6995850005265534
18240.0 0.6989008240219002
18241.03 0.6988229138067118
18250.0 0.7001300578296124
18251.03 0.7002802159382643
18260.0 0.7006512492673447
18261.02 0.7006926574704284
18270.0 0.7010616788305299
18271.02 0.701102022355926
18280.0 0.7002338252252103
18281.010000000002 0.7001345556863395
18290.0 0.7003701825519438
18291.010000000002 0.7003943143554916
18300.0 0.7007948934086442
18301.0 0.7008355976736688
18310.0 0.7016756360339342
18310.989999999998 0.7017642391264269
18320.0 0.7018057145204083
18320.989999999998 0.7018072053838798
18330.0 0.7027235535064688
18330.98 0.7028194526089816
18340.0 0.7026766942281244
18340.98 0.7026566263588421
18350.0 0.7019319467608548
18350.97 0.7018502520683084
18360.0 0.7013488171187754
18360.96 0.701290310474343
18370.0 0.7032411729034449
18370.96 0.7034438846796198
18380.0 0.7030718490911426
18380.95 0.703028336830943
18390.0 0.7037214256357085
18390.95 0.7037897489109631
18400.0 0.7023963786702876
18400.940000000002 0.7022480344885997
18410.0 0.7027212939219644
18410.93 0.7027676937399986
18420.0 0.7032558772404572
18420.93 0.7033037479026208
18430.0 0.7028134327005051
18430.920000000002 0.7027629903881639
18440.0 0.7007369858322503
18440.920000000002 0.7005324726895712
18450.0 0.7007912026151963
18450.91 0.7008171160999924
18460.0 0.7001037448045643
18460.91 0.7000330453929438
18470.0 0.6994340245489988
18470.899999999998 0.6993761159494506
18480.0 0.7003100052908556
18480.89 0.7004026895113349
18490.0 0.7004591392368685
18490.89 0.7004680952843384
18500.0 0.7005639231633876
18500.88 0.7005671820913614
18510.0 0.6996645976904761
18510.88 0.6995809340707062
18520.0 0.6998167389373255
18520.870000000003 0.6998432707574397
18530.0 0.6995953635479408
18530.86 0.6995773445424185
18540.0 0.6986351927610006
18540.86 0.6985498766253632
18550.0 0.6996877761733152
18550.85 0.6997988665863549
18560.0 0.6981494568103289
18560.85 0.6979995063209466
18570.0 0.6987424869991383
18570.839999999997 0.6988139521172057
18580.0 0.698549118543732
18580.829999999998 0.6985289655965711
18590.0 0.6990189326797883
18590.829999999998 0.6990652141219732
18600.0 0.6991882456371036
18600.82 0.6992024167966241
18610.0 0.6993948917860829
18610.82 0.6994139859414296
18620.0 0.7000289620442219
18620.81 0.7000844900426499
18630.0 0.6998106577411962
18630.81 0.6997865034887194
18640.0 0.700607361897147
18640.8 0.7006782181986844
18650.0 0.701329200905011
18650.79 0.7013845013938954
18660.0 0.7000466291810198
18660.79 0.6999293798155052
18670.0 0.698347141369047
18670.78 0.698211288330614
18680.0 0.7004814069883841
18680.78 0.7006704933773964
18690.0 0.7001651295257169
18690.770000000004 0.7001193446957852
18700.0 0.6999899919310801
18700.760000000002 0.6999758186613598
18710.0 0.7012998081435845
18710.760000000002 0.7014051929561538
18720.0 0.701696568979723
18720.75 0.7017161599612153
18730.0 0.7010450326826915
18730.75 0.7009865627214574
18740.0 0.7011267116275074
18740.739999999998 0.7011327744607373
18750.0 0.7003248961426092
18750.73 0.7002578381435851
18760.0 0.6997334146565026
18760.73 0.6996870554483076
18770.0 0.7002544672607589
18770.72 0.7002951770939856
18780.0 0.6992901354495182
18780.72 0.6992088497442515
18790.0 0.6987173673282302
18790.710000000003 0.6986764850739308
18800.0 0.6977080496466045
18800.710000000003 0.6976324210344254
18810.0 0.6979543645513128
18810.7 0.6979775103114946
18820.0 0.6971860035262932
18820.69 0.6971257012839595
18830.0 0.6959809055082744
18830.69 0.6958960963723632
18840.0 0.6959024055201836
18840.68 0.6959033697822926
18850.0 0.69664768510955
18850.68 0.6967024609122743
18860.0 0.6960899369993216
18860.67 0.6960474648130272
18870.0 0.6943948500774949
18870.66 0.6942800338479516
18880.0 0.6947096620917342
18880.66 0.694742534916203
18890.0 0.6934539976287055
18890.65 0.6933668620338983
18900.0 0.6928987425542743
18900.65 0.6928687076794884
18910.0 0.6945969831904101
18910.64 0.6947191815211491
18920.0 0.6955397371310658
18920.629999999997 0.695597869010434
18930.0 0.6934942550628231
18930.629999999997 0.6933562503168104
18940.0 0.692502432678274
18940.620000000003 0.6924492881419625
18950.0 0.6926592400759392
18950.620000000003 0.6926759822620818
18960.0 0.6935657573309592
18960.61 0.6936264435570278
18970.0 0.6934205768413103
18970.61 0.6934100254263627
18980.0 0.6933568339748793
18980.6 0.6933557475499591
18990.0 0.6929618286688898
18990.59 0.6929384625053878
19000.0 0.6941106114741068
19000.59 0.694184717403413
19010.0 0.693403539313887
19010.58 0.6933562719052238
19020.0 0.6948740475303671
19020.58 0.6949679656846933
19030.0 0.6942560204146478
19030.57 0.6942124882025534
19040.0 0.6942635636581813
19040.56 0.694265731505426
19050.0 0.6943048868456408
19050.56 0.6943059130263964
19060.0 0.6966793990597446
19060.55 0.6968160059777943
19070.0 0.697291251406662
19070.55 0.6973172113345939
19080.0 0.6972201371208185
19080.539999999997 0.6972116644837192
19090.0 0.6957108982405501
19090.53 0.6956243617145319
19100.0 0.6958111626671004
19100.53 0.6958187518454705
19110.0 0.6957783075009096
19110.52 0.6957732757286315
19120.0 0.6951002175822331
19120.52 0.6950604968544732
19130.0 0.6956112409789109
19130.510000000002 0.6956384949091398
19140.0 0.696734728708098
19140.510000000002 0.6967904584983867
19150.0 0.697095453533422
19150.5 0.6971087982223556
19160.0 0.6952956553840707
19160.489999999998 0.6951999034254503
19170.0 0.6940221538983383
19170.489999999998 0.6939588477558716
19180.0 0.6947672926082638
19180.479999999996 0.6948061999800511
19190.0 0.6937637886982391
19190.479999999996 0.6937097680771709
19200.0 0.6928197112875735
19200.47 0.6927754218276188
19210.0 0.6937366088443878
19210.46 0.693782949129913
19220.0 0.6931660332977657
19220.46 0.6931366473196091
19230.0 0.6921742737586858
19230.45 0.692129939803941
19240.0 0.693006565238238
19240.45 0.6930492199465648
19250.0 0.6919798989257486
19250.44 0.6919316736531419
19260.0 0.6901177607415394
19260.44 0.6900360169787348
19270.0 0.691325428603795
19270.43 0.6913843785991188
19280.0 0.6920060588331823
19280.420000000002 0.6920352721563491
19290.0 0.6917298325583938
19290.420000000002 0.6917183956466273
19300.0 0.6911865280439494
19300.410000000003 0.6911659950392824
19310.0 0.6904670996933154
19310.410000000003 0.6904391327932505
19320.0 0.689707853056588
19320.4 0.6896798346682802
19330.0 0.6894494364031377
19330.39 0.6894415863076897
19340.0 0.6895830015395943
19340.39 0.6895905504860104
19350.0 0.6896832272020379
19350.379999999997 0.6896880681771607
19360.0 0.6902160402501193
19360.379999999997 0.690238072628885
19370.0 0.6901232299726622
19370.37 0.6901193860869329
19380.0 0.689557604595202
19380.36 0.6895371598784975
19390.0 0.689531111301778
19390.36 0.6895311638413142
19400.0 0.690224196123385
19400.350000000002 0.6902493595540397
19410.0 0.6899225404154005
19410.350000000002 0.689910414957149
19420.0 0.6898019122517542
19420.34 0.6897975627388105
19430.0 0.6898469337659205
19430.34 0.6898478820340447
19440.0 0.6896613619862877
19440.329999999998 0.6896542242176121
19450.0 0.6896333049902833
19450.32 0.6896316224431316
19460.0 0.6894446907760011
19460.32 0.6894370265265035
19470.0 0.6902235719286052
19470.309999999998 0.6902475563644831
19480.0 0.6906894985843545
19480.309999999998 0.6907021917358913
19490.0 0.6905164537154805
19490.3 0.6905095408938872
19500.0 0.6894569128266377
19500.29 0.6894236210797159
19510.0 0.6889764216549231
19510.29 0.6889619458863042
19520.0 0.6884561299627054
19520.28 0.6884404640448023
19530.0 0.6878061301317331
19530.28 0.6877869958151962
19540.0 0.6877057306485448
19540.27 0.6877026334403005
19550.0 0.6878414661054719
19550.260000000002 0.6878447646345741
19560.0 0.6870363186116246
19560.260000000002 0.6870143425906312
19570.0 0.6869181351576803
19570.25 0.6869154667642173
19580.0 0.6866474476284755
19580.25 0.6866403790500164
19590.0 0.6855821893565275
19590.239999999998 0.6855561522422122
19600.0 0.6850490097700692
19600.239999999998 0.6850367259443332
19610.0 0.6843442337830616
19610.23 0.6843280969102762
19620.0 0.6837487335386031
19620.22 0.6837362000507026
19630.0 0.6834100969830635
19630.22 0.6834032705201534
19640.0 0.6838064738101198
19640.21 0.6838156090738889
19650.0 0.684076534076529
19650.21 0.684082611568596
19660.0 0.6831884766453777
19660.2 0.683170680893309
19670.0 0.6824531947983631
19670.19 0.682439876178953
19680.0 0.6822095154043138
19680.19 0.6822053473070616
19690.0 0.6818634438289202
19690.179999999997 0.6818574494402221
19700.0 0.6820772372873558
19700.179999999997 0.6820815410935631
19710.0 0.6820120561134622
19710.170000000002 0.6820109837284581
19720.0 0.6817600252040452
19720.16 0.681756064443451
19730.0 0.6815505092955768
19730.16 0.6815471668644356
19740.0 0.6816513688481981
19740.15 0.6816529554998009
19750.0 0.6809792747338936
19750.15 0.6809687859939229
19760.0 0.6800283371285131
19760.14 0.6800148660144654
19770.0 0.6792893070498008
19770.14 0.6792787914386342
19780.0 0.6795497192487658
19780.129999999997 0.6795530873637986
19790.0 0.679412878288613
19790.120000000003 0.6794108945210146
19800.0 0.6799416869862616
19800.120000000003 0.6799480361353244
19810.0 0.6790529778237459
19810.11 0.6790430158494015
19820.0 0.6784482555606317
19820.11 0.6784415569821854
19830.0 0.6785045330432653
19830.1 0.6785051679147063
19840.0 0.6777518138048433
19840.09 0.6777449671640707
19850.0 0.6776532363373897
19850.09 0.6776525414737075
19860.0 0.6777391517746248
19860.079999999998 0.6777400351856578
19870.0 0.6772651055197274
19870.079999999998 0.6772613380606352
19880.0 0.676867738641605
19880.07 0.6768651781839607
19890.0 0.6766674993365835
19890.06 0.6766663976319702
19900.0 0.6769675120171501
19900.06 0.676969421339573
19910.0 0.6772134297643132
19910.050000000003 0.6772146951210622
19920.0 0.6763520795033878
19920.050000000003 0.6763478232482623
19930.0 0.6752831850998344
19930.04 0.6752788444279384
19940.0 0.6763733909723186
19940.04 0.676377692097014
19950.0 0.6762462480840905
19950.03 0.6762457359163827
19960.0 0.675583445258684
19960.02 0.6755820086918791
19970.0 0.6755113236047549
19970.02 0.6755110423569615
19980.0 0.6751883618747934
19980.01 0.6751879688314935
19990.0 0.6744892554893069
19990.01 0.6744884788595978
20000.0 0.6739465078933712
20010.0 0.6733818577979012
20020.0 0.6727319641646802
20030.0 0.6720122885122258
20040.0 0.6712150722012341
20050.0 0.6703867505270144
20060.0 0.6695428019162741
20070.0 0.6687451714155941
20080.0 0.6680403356609632
20090.0 0.6674980208869917
20100.0 0.6671569939591389
20110.0 0.6670637803826116
20120.0 0.667195200097397
20130.0 0.6674893287272538
20140.0 0.6677989939937066
20150.0 0.6678684954124082
20160.0 0.6672793157469566
20170.0 0.6654190557406531
20180.0 0.6614271023223354
20190.0 0.6541712749647762
20200.0 0.6423019782195792
20210.0 0.6243373900558326
20220.0 0.5989347635557081
20230.0 0.5652626573690157
20240.0 0.5233578381734929
20250.0 0.4744048073440937
20260.0 0.42068973174548424
20270.0 0.3651820575732203
20280.0 0.3109220021204858
20290.0 0.2603922336624025
20300.0 0.21523835733314645
20310.0 0.17619874888896395
20320.0 0.14331368824695073
20330.0 0.11611907476209106
20340.0 0.09393336279011369
20350.0 0.07599562235447857
20360.0 0.061567962598293405
20370.0 0.04999531167542873
20380.0 0.04071864742976565
20390.0 0.033277365353451716
20400.0 0.027297671965491387
20410.0 0.022480196059099247
20420.0 0.018587593932043973
20430.0 0.015430595366059879
20440.0 0.01286180962846604
20450.0 0.010762537786754421
20460.0 0.00904045389394528
20470.0 0.007622468467613216
20480.0 0.006450540842307425
20490.0 0.005478344182585012
20500.0 0.004668939050582621
20510.0 0.0039916616927043085
20520.0 0.003423969157923087
20530.0 0.0029464709973848757
20540.0 0.0025433609703879104
20550.0 0.002201948409141868
20560.0 0.0019119571153015844
20570.0 0.001664824905104369
20580.0 0.001453624678699444
20590.0 0.0012726751717257842
20600.0 0.0011170744819044601
20610.0 0.0009829321885769342
20620.0 0.0008670583263042021
20630.0 0.0007667534610021016
20640.0 0.0006795601921106466
20650.0 0.000603697108022485
20660.0 0.000537492416461363
20670.0 0.0004796163641487661
20680.0 0.0004288717515260036
20690.0 0.00038427130782042935
20700.0 0.00034501428923571956
20710.0 0.0003103779003299382
20720.0 0.00027975595448873866
20730.0 0.00025263555504882317
20740.0 0.00022861250657800066
20750.0 0.00020722868019459285
20760.0 0.00018814232025397235
20770.0 0.00017115890652627769
20780.0 0.00015595251184147442
20790.0 0.00014239080327013706
20800.0 0.00013014043302934393
20810.0 0.00011920079132142258
20820.0 0.00010937023427018457
20830.0 0.00010046270485165239
20840.0 9.247004394791451e-05
20850.0 8.519861401410175e-05
20860.0 7.864035213976049e-05
20870.0 7.266976409870864e-05
20880.0 6.728503132002347e-05
20890.0 6.235766829030942e-05
20900.0 5.788668978827909e-05
20910.0 5.3872655299411266e-05
20920.0 5.012235083439385e-05
20930.0 4.669817622271961e-05
20940.0 4.3599979457191656e-05
20950.0 4.076201889522239e-05
20960.0 3.818340168714132e-05
20970.0 3.5799980514065354e-05
20980.0 3.354764803545508e-05
20990.0 3.155204244124414e-05
21000.0 2.968736423409767e-05
21500.0 -0.0
22000.0 -0.0
22500.0 -0.0
23000.0 -0.0
23500.0 -0.0
24000.0 -0.0
24500.0 -0.0
25000.0 -0.0
25500.0 -0.0
