1000.0 0.0
1010.0 0.0
1020.0 0.0
1030.0 0.0
1040.0 0.0
1050.0 0.0
1060.0 0.0
1070.0 0.0
1080.0 0.0
1090.0 0.0
1100.0 0.0
1110.0 0.0
1120.0 0.0
1130.0 0.0
1140.0 0.0
1150.0 0.0
1160.0 0.0
1170.0 0.0
1180.0 0.0
1190.0 0.0
1200.0 0.0
1210.0 0.0
1220.0 0.0
1230.0 0.0
1240.0 0.0
1250.0 0.0
1260.0 0.0
1270.0 0.0
1280.0 0.0
1290.0 0.0
1300.0 0.0
1310.0 0.0
1320.0 0.0
1330.0 0.0
1340.0 0.0
1350.0 0.0
1360.0 0.0
1370.0 0.0
1380.0 0.0
1390.0 0.0
1400.0 0.0
1410.0 0.0
1420.0 0.0
1430.0 0.0
1440.0 0.0
1450.0 0.0
1460.0 0.0
1470.0 0.0
1480.0 0.0
1490.0 0.0
1500.0 0.0
1510.0 0.0
1520.0 0.0
1530.0 0.0
1540.0 0.0
1550.0 0.0
1560.0 0.0
1570.0 0.0
1580.0 0.0
1590.0 0.0
1600.0 0.0
1610.0 0.0
1620.0 0.0
1630.0 0.0
1640.0 0.0
1650.0 0.0
1660.0 0.0
1670.0 0.0
1680.0 0.0
1690.0 0.0
1700.0 0.0
1710.0 0.0
1720.0 0.0
1730.0 0.0
1740.0 0.0
1750.0 0.0
1760.0 0.0
1770.0 0.0
1780.0 0.0
1790.0 0.0
1800.0 0.0
1810.0 0.0
1820.0 0.0
1830.0 0.0
1840.0 0.0
1850.0 0.0
1860.0 0.0
1870.0 0.0
1880.0 0.0
1890.0 0.0
1900.0 0.0
1910.0 0.0
1920.0 0.0
1930.0 0.0
1940.0 0.0
1950.0 0.0
1960.0 0.0
1970.0 0.0
1980.0 0.0
1990.0 0.0
2000.0 0.0
2010.0 0.0
2020.0 0.0
2030.0 0.0
2040.0 0.0
2050.0 0.0
2060.0 0.0
2070.0 0.0
2080.0 0.0
2090.0 0.0
2100.0 0.0
2110.0 0.0
2120.0 0.0
2130.0 0.0
2140.0 0.0
2150.0 0.0
2160.0 0.0
2170.0 0.0
2180.0 0.0
2190.0 0.0
2200.0 0.0
2210.0 0.0
2220.0 0.0
2230.0 0.0
2240.0 0.0
2250.0 0.0
2260.0 0.0
2270.0 0.0
2280.0 0.0
2290.0 0.0
2300.0 0.0
2310.0 0.0
2320.0 0.0
2330.0 0.0
2340.0 0.0
2350.0 0.0
2360.0 0.0
2370.0 0.0
2380.0 0.0
2390.0 0.0
2400.0 0.0
2410.0 0.0
2420.0 0.0
2430.0 0.0
2440.0 0.0
2450.0 0.0
2460.0 0.0
2470.0 0.0
2480.0 0.0
2490.0 0.0
2500.0 0.0
2510.0 0.0
2520.0 0.0
2530.0 0.0
2540.0 0.0
2550.0 0.0
2560.0 0.0
2570.0 0.0
2580.0 0.0
2590.0 0.0
2600.0 0.0
2610.0 0.0
2620.0 0.0
2630.0 0.0
2640.0 0.0
2650.0 0.0
2660.0 0.0
2670.0 0.0
2680.0 0.0
2690.0 0.0
2700.0 0.0
2710.0 0.0
2720.0 0.0
2730.0 0.0
2740.0 0.0
2750.0 0.0
2760.0 0.0
2770.0 0.0
2780.0 0.0
2790.0 0.0
2800.0 0.0
2810.0 0.0
2820.0 0.0
2830.0 0.0
2840.0 0.0
2850.0 0.0
2860.0 0.0
2870.0 0.0
2880.0 0.0
2890.0 0.0
2900.0 0.0
2910.0 0.0
2920.0 0.0
2930.0 0.0
2940.0 0.0
2950.0 0.0
2960.0 0.0
2970.0 0.0
2980.0 0.0
2990.0 0.0
3000.0 0.0
3009.9900000000002 0.0
3010.0 0.0
3019.9900000000002 0.0
3020.0 0.0
3029.98 0.0
3030.0 0.0
3039.98 0.0
3040.0 0.0
3049.9700000000003 0.0
3050.0 0.0
3059.96 0.0
3060.0 0.0
3069.96 0.0
3070.0 0.0
3079.95 0.0
3080.0 0.0
3089.95 0.0
3090.0 0.0
3099.9400000000005 0.0
3100.0 0.0
3109.9400000000005 0.0
3110.0 0.0
3119.93 0.0
3120.0 0.0
3129.92 0.0
3130.0 0.0
3139.92 0.0
3140.0 0.0
3149.91 0.0
3150.0 0.0
3159.91 0.0
3160.0 0.0
3169.9 0.0
3170.0 0.0
3179.8900000000003 0.0
3180.0 0.0
3189.8900000000003 0.0
3190.0 0.0
3199.88 0.0
3200.0 0.0
3209.88 0.0
3210.0 0.0
3219.8700000000003 0.0
3220.0 0.0
3229.8599999999997 0.0
3230.0 0.0
3239.8599999999997 0.0
3240.0 0.0
3249.8500000000004 0.0
3250.0 0.0
3259.8500000000004 0.0
3260.0 0.0
3269.84 0.0
3270.0 0.0
3279.84 0.0
3280.0 0.0
3289.83 0.0
3290.0 0.0
3299.8199999999997 0.0
3300.0 0.0
3309.8199999999997 0.0
3310.0 0.0
3319.81 0.0
3320.0 0.0
3329.81 0.0
3330.0 0.0
3339.8 0.0
3340.0 0.0
3349.7900000000004 0.0
3350.0 0.0
3359.7900000000004 0.0
3360.0 0.0
3369.78 0.0
3370.0 0.0
3379.78 0.0
3380.0 0.0
3389.7699999999995 0.0
3390.0 0.0
3399.76 0.0
3400.0 0.0
3409.76 0.0
3410.0 0.0
3419.75 0.0
3420.0 0.0
3429.75 0.0
3430.0 0.0
3439.74 0.0
3440.0 0.0
3449.74 0.0
3450.0 0.0
3459.73 0.0
3460.0 0.0
3469.72 0.0
3470.0 0.0
3479.72 0.0
3480.0 0.0
3489.71 0.0
3490.0 0.0
3499.71 0.0
3500.0 0.0
3509.7000000000003 0.0
3510.0 0.0
3519.69 0.0
3520.0 0.0
3529.69 0.0
3530.0 0.0
3539.6800000000003 0.0
3540.0 0.0
3549.6800000000003 0.0
3550.0 0.0
3559.67 0.0
3560.0 0.0
3569.66 0.0
3570.0 0.0
3579.66 0.0
3580.0 0.0
3589.6499999999996 0.0
3590.0 0.0
3599.6499999999996 0.0
3600.0 0.0
3609.64 0.0
3610.0 0.0
3619.64 0.0
3620.0 0.0
3629.63 0.0
3630.0 0.0
3639.62 0.0
3640.0 0.0
3649.62 0.0
3650.0 0.0
3659.61 0.0
3660.0 -0.0
3669.61 0.0
3670.0 0.0
3679.6 0.0
3680.0 0.0
3689.59 0.0
3690.0 0.0
3699.59 0.0
3700.0 0.0
3709.5800000000004 0.0
3710.0 0.0
3719.5800000000004 0.0
3720.0 0.0
3729.5699999999997 0.0
3730.0 0.0
3739.5599999999995 0.0
3740.0 0.0
3749.5599999999995 0.0
3750.0 0.0
3759.5499999999997 0.0
3760.0 0.0
3769.5499999999997 0.0
3770.0 0.0
3779.54 0.0
3780.0 0.0
3789.54 0.0
3790.0 0.0
3799.53 0.0
3800.0 0.0
3809.52 0.0
3810.0 0.0
3819.52 0.0
3820.0 0.0
3829.5099999999998 0.0
3830.0 0.0
3839.5099999999998 0.0
3840.0 0.0
3849.5 0.0
3850.0 0.0
3859.4900000000002 0.0
3860.0 0.0
3869.4900000000002 0.0
3870.0 0.0
3879.4800000000005 0.0
3880.0 0.0
3889.4800000000005 0.0
3890.0 0.0
3899.4699999999993 0.0
3900.0 0.0
3909.4699999999993 0.0
3910.0 0.0
3919.4599999999996 0.0
3920.0 0.0
3929.45 0.0
3930.0 0.0
3939.45 0.0
3940.0 0.0
3949.44 0.0
3950.0 0.0
3959.44 0.0
3960.0 0.0
3969.4300000000003 0.0
3970.0 0.0
3979.4199999999996 0.0
3980.0 0.0
3989.4199999999996 0.0
3990.0 0.0
3999.41 0.0
4000.0 0.0
4009.41 0.0
4010.0 0.0
4019.4 0.0
4020.0 0.0
4029.3900000000003 0.0
4030.0 0.0
4039.3900000000003 0.0
4040.0 0.0
4049.3800000000006 0.0
4050.0 0.0
4059.3800000000006 0.0
4060.0 0.0
4069.3699999999994 0.0
4070.0 0.0
4079.3699999999994 0.0
4080.0 0.0
4089.3599999999997 0.0
4090.0 0.0
4099.35 0.0
4100.0 0.0
4109.35 0.0
4110.0 0.0
4119.34 0.0
4120.0 0.0
4129.34 0.0
4130.0 0.0
4139.330000000001 0.0
4140.0 0.0
4149.32 0.0
4150.0 0.0
4159.32 0.0
4160.0 0.0
4169.3099999999995 0.0
4170.0 0.0
4179.3099999999995 0.0
4180.0 0.0
4189.3 0.0
4190.0 0.0
4199.29 0.0
4200.0 0.0
4209.29 0.0
4210.0 0.0
4219.280000000001 0.0
4220.0 0.0
4229.280000000001 0.0
4230.0 0.0
4239.2699999999995 0.0
4240.0 0.0
4249.2699999999995 0.0
4250.0 0.0
4259.26 0.0
4260.0 0.0
4269.25 0.0
4270.0 0.0
4279.25 0.0
4280.0 0.0
4289.240000000001 0.0
4290.0 0.0
4299.240000000001 0.0
4300.0 0.0
4309.23 0.0
4310.0 0.0
4319.219999999999 0.0
4320.0 0.0
4329.219999999999 0.0
4330.0 0.0
4339.21 0.0
4340.0 0.0
4349.21 0.0
4350.0 0.0
4359.2 0.0
4360.0 0.0
4369.1900000000005 0.0
4370.0 0.0
4379.1900000000005 0.0
4380.0 0.0
4389.18 0.0
4390.0 0.0
4399.18 0.0
4400.0 0.0
4409.17 0.0
4410.0 0.0
4419.17 0.0
4420.0 0.0
4429.16 0.0
4430.0 0.0
4439.150000000001 0.0
4440.0 0.0
4449.150000000001 0.0
4450.0 0.0
4459.139999999999 0.0
4460.0 0.0
4469.139999999999 0.0
4470.0 0.0
4479.13 0.0
4480.0 0.0
4489.12 0.0
4490.0 0.0
4499.12 0.0
4500.0 0.0
4509.11 0.0
4510.0 0.0
4519.11 0.0
4520.0 0.0
4529.1 0.0
4530.0 0.0
4539.09 0.0
4540.0 0.0
4549.09 0.0
4550.0 0.0
4559.08 0.0
4560.0 0.0
4569.08 0.0
4570.0 0.0
4579.07 0.0
4580.0 0.0
4589.07 0.0
4590.0 0.0
4599.06 0.0
4600.0 0.0
4609.049999999999 0.0
4610.0 0.0
4619.049999999999 0.0
4620.0 0.0
4629.04 0.0
4630.0 0.0
4639.04 0.0
4640.0 0.0
4649.030000000001 0.0
4650.0 0.0
4659.0199999999995 0.0
4660.0 0.0
4669.0199999999995 0.0
4670.0 0.0
4679.01 0.0
4680.0 0.0
4689.01 0.0
4690.0 0.0
4699.0 0.0
4700.0 0.0
4708.99 0.0
4710.0 0.0
4718.99 0.0
4720.0 0.0
4728.9800000000005 0.0
4730.0 0.0
4738.9800000000005 0.0
4740.0 0.0
4748.97 0.0
4750.0 0.0
4758.97 0.0
4760.0 0.0
4768.959999999999 0.0
4770.0 0.0
4778.95 0.0
4780.0 0.0
4788.95 0.0
4790.0 0.0
4798.9400000000005 0.0
4800.0 0.0
4808.9400000000005 0.0
4810.0 0.0
4818.93 0.0
4820.0 0.0
4828.92 0.0
4830.0 0.0
4838.92 0.0
4840.0 0.0
4848.91 0.0
4850.0 0.0
4858.91 0.0
4860.0 0.0
4868.9 0.0
4870.0 0.0
4878.89 0.0
4880.0 0.0
4888.89 0.0
4890.0 0.0
4898.88 0.0
4900.0 0.0
4908.88 0.0
4910.0 0.0
4918.869999999999 0.0
4920.0 0.0
4928.869999999999 0.0
4930.0 0.0
4938.86 0.0
4940.0 0.0
4948.85 0.0
4950.0 0.0
4958.85 0.0
4960.0 0.0
4968.84 0.0
4970.0 0.0
4978.84 0.0
4980.0 0.0
4988.83 0.0
4990.0 0.0
4998.82 0.0
5000.0 0.0
5008.82 0.0
5010.0 0.0
5018.8099999999995 0.0
5020.0 0.0
5028.8099999999995 0.0
5030.0 0.0
5038.8 0.0
5040.0 0.0
5048.79 0.0
5050.0 0.0
5058.79 0.0
5060.0 0.0
5068.780000000001 0.0
5070.0 0.0
5078.780000000001 0.0
5080.0 0.0
5088.7699999999995 0.0
5090.0 0.0
5098.7699999999995 0.0
5100.0 0.0
5108.76 0.0
5110.0 0.0
5118.75 0.0
5120.0 0.0
5128.75 0.0
5130.0 0.0
5138.74 0.0
5140.0 0.0
5148.74 0.0
5150.0 0.0
5158.7300000000005 0.0
5160.0 0.0
5168.719999999999 0.0
5170.0 0.0
5178.719999999999 0.0
5180.0 0.0
5188.71 0.0
5190.0 0.0
5198.71 0.0
5200.0 0.0
5208.7 0.0
5210.0 0.0
5218.6900000000005 0.0
5220.0 0.0
5228.6900000000005 0.0
5230.0 0.0
5238.68 0.0
5240.0 0.0
5248.68 0.0
5250.0 0.0
5258.67 0.0
5260.0 0.0
5268.67 0.0
5270.0 0.0
5278.66 0.0
5280.0 0.0
5288.65 0.0
5290.0 0.0
5298.65 0.0
5300.0 0.0
5308.64 0.0
5310.0 0.0
5318.64 0.0
5320.0 0.0
5328.630000000001 0.0
5330.0 0.0
5338.62 0.0
5340.0 0.0
5348.62 0.0
5350.0 0.0
5358.61 0.0
5360.0 0.0
5368.61 0.0
5370.0 0.0
5378.6 0.0
5380.0 0.0
5388.59 0.0
5390.0 0.0
5398.59 0.0
5400.0 0.0
5408.580000000001 0.0
5410.0 0.0
5418.580000000001 0.0
5420.0 0.0
5428.57 0.0
5430.0 0.0
5438.57 0.0
5440.0 0.0
5448.5599999999995 0.0
5450.0 0.0
5458.55 0.0
5460.0 0.0
5468.55 0.0
5470.0 0.0
5478.540000000001 0.0
5480.0 0.0
5488.540000000001 0.0
5490.0 0.0
5498.530000000001 0.0
5500.0 0.0
5508.5199999999995 0.0
5510.0 0.0
5518.5199999999995 0.0
5520.0 0.0
5528.51 0.0
5530.0 0.0
5538.51 0.0
5540.0 0.0
5548.5 0.0
5550.0 0.0
5558.5 0.0
5560.0 0.0
5568.490000000001 0.0
5570.0 0.0
5578.4800000000005 0.0
5580.0 0.0
5588.4800000000005 0.0
5590.0 0.0
5598.469999999999 0.0
5600.0 0.0
5608.469999999999 0.0
5610.0 0.0
5618.46 0.0
5620.0 0.0
5628.450000000001 0.0
5630.0 0.0
5638.450000000001 0.0
5640.0 0.0
5648.4400000000005 0.0
5650.0 0.0
5658.4400000000005 0.0
5660.0 0.0
5668.43 0.0
5670.0 0.0
5678.42 0.0
5680.0 0.0
5688.42 0.0
5690.0 0.0
5698.41 0.0
5700.0 0.0
5708.41 0.0
5710.0 0.0
5718.400000000001 0.0
5720.0 0.0
5728.400000000001 0.0
5730.0 0.0
5738.39 0.0
5740.0 0.0
5748.380000000001 0.0
5750.0 0.0
5758.380000000001 0.0
5760.0 0.0
5768.37 0.0
5770.0 0.0
5778.37 0.0
5780.0 0.0
5788.360000000001 0.0
5790.0 0.0
5798.35 0.0
5800.0 0.0
5808.35 0.0
5810.0 0.0
5818.34 0.0
5820.0 0.0
5828.34 0.0
5830.0 0.0
5838.330000000001 0.0
5840.0 0.0
5848.32 0.0
5850.0 0.0
5858.32 0.0
5860.0 0.0
5868.31 0.0
5870.0 0.0
5878.31 0.0
5880.0 0.0
5888.3 0.0
5890.0 0.0
5898.3 0.0
5900.0 0.0
5908.290000000001 0.0
5910.0 0.0
5918.28 0.0
5920.0 0.0
5928.28 0.0
5930.0 0.0
5938.27 0.0
5940.0 0.0
5948.27 0.0
5950.0 0.0
5958.26 0.0
5960.0 0.0
5968.25 0.0
5970.0 0.0
5978.25 0.0
5980.0 0.0
5988.240000000001 0.0
5990.0 0.0
5998.240000000001 0.0
6000.0 7.611140468581137e-09
6008.23 6.796736148596128e-09
6010.0 7.964498875108716e-09
6018.22 1.1171329388580044e-08
6020.0 1.1572151677648534e-08
6028.22 1.3000383600512465e-08
6030.0 1.2068096194490946e-08
6038.21 8.962726518272666e-09
6040.0 7.952217629911548e-09
6048.21 2.9195672391708372e-09
6050.0 3.11383335318071e-09
6058.200000000001 3.3471938711893538e-09
6060.0 2.6349085867951306e-09
6068.200000000001 2.52084133238657e-10
6070.0 2.3997116738049384e-10
6078.19 2.423537340917679e-10
6080.0 1.5625810412694868e-09
6088.18 8.924405306380156e-09
6090.0 1.0064834730129481e-08
6098.18 1.2957711808301178e-08
6100.0 1.1957380720868782e-08
6108.17 6.785759113817474e-09
6110.0 6.385683470213419e-09
6118.17 5.3172881361660046e-09
6120.0 4.865180928761675e-09
6128.16 3.355406912162317e-09
6130.0 3.331597423032452e-09
6138.150000000001 3.3025093137127237e-09
6140.0 3.126762538009172e-09
6148.150000000001 2.7842805448210904e-09
6150.0 2.315881448182739e-09
6158.139999999999 0.0
6160.0 2.551072627090336e-10
6168.139999999999 1.8038889706678423e-09
6170.0 2.393054178118678e-09
6178.13 4.662853174122898e-09
6180.0 4.317695847418679e-09
6188.12 2.479273451713418e-09
6190.0 2.467347838803509e-09
6198.12 2.8246470142226763e-09
6200.0 5.081416019625665e-09
6208.110000000001 1.9719878174961883e-08
6210.0 2.0030023032131416e-08
6218.110000000001 2.287167175276472e-08
6220.0 2.2332014431686688e-08
6228.099999999999 1.433824494225901e-08
6230.0 1.3724469353056855e-08
6238.099999999999 9.096572659076986e-09
6240.0 8.693470763764859e-09
6248.09 8.003487186197297e-09
6250.0 7.317708731903995e-09
6258.08 4.774928440467648e-09
6260.0 5.6765477492282826e-09
6268.08 8.430482300484253e-09
6270.0 6.657994079460334e-09
6278.07 0.0
6280.0 0.0
6288.07 0.0
6290.0 3.868173191062267e-09
6298.06 2.1355778493605583e-08
6300.0 2.3350020912969824e-08
6308.049999999999 3.935786541703913e-08
6310.0 4.110616057426878e-08
6318.049999999999 4.9364477365040814e-08
6320.0 5.166195526374656e-08
6328.04 4.754565318556162e-08
6330.0 4.391382972506542e-08
6338.04 2.1328066543084325e-08
6340.0 2.053651549099659e-08
6348.03 1.941650394009297e-08
6350.0 1.7694421207140585e-08
6358.02 1.614591884705232e-08
6360.0 1.497354287969518e-08
6368.02 1.311523846052236e-08
6370.0 1.2920707542910138e-08
6378.009999999999 1.4673148302643076e-08
6380.0 1.4332909556246402e-08
6388.009999999999 1.6696561714122545e-08
6390.0 1.595893178400382e-08
6398.0 1.3782284377572656e-08
6400.0 1.3898860230168469e-08
6408.0 1.1253557185882191e-08
6410.0 2.709436204311466e-08
6417.99 6.591380947229952e-08
6420.0 6.517833234023344e-08
6427.98 5.610253080849725e-08
6430.0 4.7458694095928874e-08
6437.98 3.3334443115013196e-08
6440.0 3.167749732035385e-08
6447.97 3.4711982739030384e-08
6450.0 3.397047978497183e-08
6457.97 3.838460336359207e-08
6460.0 3.787858833632163e-08
6467.959999999999 3.5137435514849993e-08
6470.0 3.6960513779315e-08
6477.95 3.3865850044126716e-08
6480.0 3.844753664303926e-08
6487.95 4.638014925244287e-08
6490.0 4.241766128736986e-08
6497.94 3.380396680109199e-08
6500.0 2.5955337871452647e-08
6507.94 0.0
6510.0 0.0
6517.93 0.0
6520.0 0.0
6527.919999999999 0.0
6530.0 4.945725271544254e-09
6537.919999999999 2.647270726921414e-08
6540.0 3.0905924485909094e-08
6547.91 4.545542173773876e-08
6550.0 4.756719364339391e-08
6557.910000000001 5.119594539407337e-08
6560.0 3.9653267445822815e-08
6567.9 0.0
6570.0 4.2839547373078715e-09
6577.9 1.8492184195217053e-08
6580.0 1.9600480021555057e-08
6587.889999999999 2.4148974137346917e-08
6590.0 2.0511791162565787e-08
6597.88 8.357187822265987e-09
6600.0 9.129214515559266e-09
6607.88 1.2469347631577953e-08
6610.0 1.1148292567418996e-08
6617.869999999999 6.232548023545365e-09
6620.0 7.575351294882099e-09
6627.869999999999 1.3079419962134149e-08
6630.0 1.0484464585362345e-08
6637.860000000001 0.0
6640.0 8.001430039554096e-09
6647.849999999999 3.865530551424869e-08
6650.0 3.924791516157785e-08
6657.849999999999 3.850812238715318e-08
6660.0 3.511252900668999e-08
6667.84 2.149537257095488e-08
6670.0 2.1603248584711884e-08
6677.84 2.1733627776379168e-08
6680.0 1.6365312985588176e-08
6687.83 0.0
6690.0 4.254966500338293e-09
6697.82 1.99413334221804e-08
6700.0 2.2397925865560756e-08
6707.82 3.107629376700327e-08
6710.0 2.954788887169444e-08
6717.81 2.2948644329862567e-08
6720.0 2.002365680918708e-08
6727.81 9.77762909936617e-09
6730.0 9.788761003803344e-09
6737.799999999999 8.175526690454559e-09
6740.0 7.226815292067098e-09
6747.799999999999 3.93325901199439e-09
6750.0 4.437426910832453e-09
6757.79 5.442172850576254e-09
6760.0 4.324985991908484e-09
6767.780000000001 2.53590043521975e-09
6770.0 2.3042753053866067e-09
6777.780000000001 2.0966969598696666e-09
6780.0 2.3585294467756268e-09
6787.7699999999995 3.6809730849903492e-09
6790.0 4.150847825458543e-09
6797.7699999999995 6.148148105896632e-09
6800.0 4.872341886187708e-09
6807.76 0.0
6810.0 8.63511172525145e-10
6817.75 2.6855349084328125e-09
6820.0 2.153381746914758e-09
6827.75 1.1266215763469653e-09
6830.0 1.0842144152387076e-09
6837.739999999999 1.1972695000836277e-09
6840.0 1.2181740894443712e-09
6847.739999999999 1.5748614880459555e-09
6850.0 1.5380674097147053e-09
6857.7300000000005 1.664651022088065e-09
6860.0 1.7157812099839364e-09
6867.719999999999 2.2590960656719663e-09
6870.0 2.7723203737682072e-09
6877.719999999999 5.670556411619349e-09
6880.0 5.859182116781478e-09
6887.710000000001 6.10408497002692e-09
6890.0 6.79064803915345e-09
6897.710000000001 9.34529605214551e-09
6900.0 1.0057106902519329e-08
6907.7 1.3419471522782484e-08
6910.0 1.4651323701328688e-08
6917.7 2.092766934582977e-08
6920.0 1.7245584018676938e-08
6927.689999999999 0.0
6930.0 1.0174586590856029e-08
6937.68 5.4382705219477076e-08
6940.0 5.0633219589388277e-08
6947.68 3.145668129584384e-08
6950.0 3.929743160247504e-08
6957.669999999999 6.329279946238218e-08
6960.0 5.653693103482564e-08
6967.669999999999 3.1293437436500666e-08
6970.0 2.930177693439257e-08
6977.660000000001 2.2537449633167957e-08
6980.0 2.1190377169852818e-08
6987.65 1.7496693982675003e-08
6990.0 2.091170659302393e-08
6997.65 3.293993633862067e-08
7000.0 2.642990855777943e-08
7007.639999999999 5.508041644123042e-09
7010.0 7.88617012320175e-09
7017.639999999999 1.702122283812802e-08
7020.0 2.4376887997158176e-08
7027.63 5.1727317423310336e-08
7030.0 4.5949134344379906e-08
7037.619999999999 2.306018371081257e-08
7040.0 1.7821291721526485e-08
7047.619999999999 0.0
7050.0 2.4214087122021654e-09
7057.610000000001 9.568094847454654e-09
7060.0 7.138533795651577e-09
7067.610000000001 0.0
7070.0 3.7169000843935068e-09
7077.6 1.5657860594754916e-08
7080.0 2.5825921062135386e-08
7087.6 6.054453325507601e-08
7090.0 5.392880145471183e-08
7097.589999999999 3.218624809246742e-08
7100.0 2.486237359777109e-08
7107.58 0.0
7110.0 2.493130127143341e-09
7117.58 1.0651468085833156e-08
7120.0 1.83459960637356e-08
7127.57 4.2643034322424796e-08
7130.0 3.770664160431445e-08
7137.57 2.1427247217484113e-08
7140.0 1.7297787321585467e-08
7147.560000000001 4.518244369510815e-09
7150.0 3.3521970025901857e-09
7157.55 0.0
7160.0 0.0
7167.55 0.0
7170.0 5.4669271759142635e-09
7177.539999999999 2.1283085282212187e-08
7180.0 2.576227933031597e-08
7187.539999999999 4.124446389503164e-08
7190.0 3.6853201887581176e-08
7197.530000000001 2.476489950068754e-08
7200.0 2.9048989810378967e-08
7207.5199999999995 4.5792212684186256e-08
7210.0 3.5877612528017497e-08
7217.5199999999995 0.0
7220.0 0.0
7227.510000000001 0.0
7230.0 2.16586229164882e-09
7237.510000000001 7.997100598301685e-09
7240.0 7.77014089031072e-09
7247.5 6.9242010766379165e-09
7250.0 1.726106357214093e-08
7257.5 4.495993012664405e-08
7260.0 3.541779903645802e-08
7267.489999999999 1.0637247018948703e-08
7270.0 2.130459411274346e-08
7277.4800000000005 5.457720990030742e-08
7280.0 6.083286399914725e-08
7287.4800000000005 8.319178937608719e-08
7290.0 7.258927054902635e-08
7297.469999999999 3.9163380322475826e-08
7300.0 4.636023300733944e-08
7307.469999999999 6.910026012612717e-08
7310.0 7.387730102685939e-08
7317.460000000001 8.642848668310658e-08
7320.0 7.753802195330899e-08
7327.45 4.846162719149448e-08
7330.0 3.6073210523135955e-08
7337.45 0.0
7340.0 1.1419684924186559e-09
7347.439999999999 4.336416941398145e-09
7350.0 1.058616533311974e-08
7357.439999999999 2.8324367174287455e-08
7360.0 2.5932359608081004e-08
7367.43 1.9517219691055886e-08
7370.0 2.6092929197919725e-08
7377.43 4.5575753549880966e-08
7380.0 3.396316677765989e-08
7387.42 0.0
7390.0 4.417881376142182e-09
7397.410000000001 1.672880413803303e-08
7400.0 1.9404650609223827e-08
7407.410000000001 2.607224774456232e-08
7410.0 3.674856933171361e-08
7417.4 6.465986778908577e-08
7420.0 6.633153783868576e-08
7427.4 7.235557404072419e-08
7430.0 6.616432019903386e-08
7437.389999999999 5.207300218015047e-08
7440.0 3.867690099480924e-08
7447.380000000001 0.0
7450.0 0.0
7457.380000000001 0.0
7460.0 7.489524389953562e-09
7467.37 3.2744446564957855e-08
7470.0 4.196850575104941e-08
7477.37 6.691703564209445e-08
7480.0 5.016925117428888e-08
7487.360000000001 0.0
7490.0 1.289724670945317e-08
7497.35 4.1663165171701305e-08
7500.0 5.559659907739546e-08
7507.35 8.62267075511331e-08
7510.0 7.274469906729465e-08
7517.339999999999 4.444663229321566e-08
7520.0 4.064688330096819e-08
7527.339999999999 3.312803502568132e-08
7530.0 4.0965189993163773e-08
7537.330000000001 6.156240623244549e-08
7540.0 5.23291278016455e-08
7547.330000000001 2.9611128561263566e-08
7550.0 2.623363955989418e-08
7557.32 1.7861126584187312e-08
7560.0 1.6413931519544634e-08
7567.310000000001 1.30244537650938e-08
7570.0 1.5386311733329322e-08
7577.310000000001 2.2636730005210407e-08
7580.0 2.215188683712094e-08
7587.3 2.1900025992996612e-08
7590.0 2.8422214928790182e-08
7597.3 5.013930333494465e-08
7600.0 4.982880495614124e-08
7607.289999999999 4.8760974069631634e-08
7610.0 4.8255540189649675e-08
7617.280000000001 4.410242432551628e-08
7620.0 4.87480605661423e-08
7627.280000000001 5.734851714891236e-08
7630.0 6.321265956671746e-08
7637.2699999999995 7.43608254952562e-08
7640.0 6.367379644919661e-08
7647.2699999999995 3.752326148651902e-08
7650.0 3.422392443037632e-08
7657.260000000001 2.6931091469124265e-08
7660.0 2.201514892329749e-08
7667.25 1.046433311043769e-08
7670.0 7.505460554749883e-09
7677.25 0.0
7680.0 0.0
7687.24 0.0
7690.0 0.0
7697.24 0.0
7700.0 0.0
7707.2300000000005 0.0
7710.0 0.0
7717.2300000000005 0.0
7720.0 7.2034246441705296e-09
7727.219999999999 2.6071275162635554e-08
7730.0 2.6299881935901016e-08
7737.21 2.599304565868668e-08
7740.0 2.8202878326134967e-08
7747.21 3.38345118230237e-08
7750.0 4.366740912921469e-08
7757.200000000001 7.002336714885811e-08
7760.0 5.890724812870025e-08
7767.200000000001 3.1267077923876146e-08
7770.0 3.2070973625216457e-08
7777.19 3.5317670087183566e-08
7780.0 4.169982378676342e-08
7787.18 6.099752701537117e-08
7790.0 4.637128599306226e-08
7797.18 4.306418791308904e-09
7800.0 3.2031875556899807e-09
7807.17 0.0
7810.0 5.680065631940419e-09
7817.17 2.0825499210840483e-08
7820.0 1.6958053075921736e-08
7827.16 6.3991094369163925e-09
7830.0 5.055840923942788e-08
7837.150000000001 1.582760134254886e-07
7840.0 1.27393189982226e-07
7847.150000000001 5.235151915243451e-08
7850.0 4.2205036299853585e-08
7857.139999999999 1.7650038458505027e-08
7860.0 4.588423599260101e-08
7867.139999999999 1.1584445959722092e-07
7870.0 1.2309660681972805e-07
7877.130000000001 1.3995979197079502e-07
7880.0 1.311375870112873e-07
7887.130000000001 1.0763798773683027e-07
7890.0 7.570317515574475e-08
7897.12 0.0
7900.0 0.0
7907.110000000001 0.0
7910.0 2.2052647778754276e-09
7917.110000000001 7.121754598098876e-09
7920.0 4.9141427101538465e-09
7927.1 0.0
7930.0 0.0
7937.1 0.0
7940.0 0.0
7947.089999999999 0.0
7950.0 1.0251044732282554e-08
7957.080000000001 3.536959587389761e-08
7960.0 2.7856004390704382e-08
7967.080000000001 9.499558682519874e-09
7970.0 1.6800359151386493e-08
7977.07 3.41749355639877e-08
7980.0 3.4588175934275665e-08
7987.07 3.51779461465927e-08
7990.0 2.466352403963532e-08
7997.06 0.0
8000.0 1.7212464866991632e-08
8007.05 5.912256038976456e-08
8010.0 5.048901912982051e-08
8017.05 3.0676546660896496e-08
8020.0 2.2048059578968297e-08
8027.039999999999 0.0
8030.0 2.1602180326522984e-08
8037.039999999999 8.209640013004414e-08
8040.0 8.359118863307864e-08
8047.03 8.842524980079498e-08
8050.0 7.520513420376638e-08
8057.03 3.723537710729742e-08
8060.0 2.8532160409699813e-08
8067.02 4.5002742375095954e-09
8070.0 1.344503783634285e-08
8077.01 3.465288811115378e-08
8080.0 3.0069918260841306e-08
8087.01 1.825318441444186e-08
8090.0 4.788784175757116e-08
8097.0 1.1044907513540835e-07
8100.0 1.0108710680467238e-07
8107.0 8.028925365561151e-08
8110.0 5.7348435551718234e-08
8116.99 9.616655354053294e-09
8120.0 6.5117583665314136e-09
8126.98 0.0
8130.0 0.0
8136.98 0.0
8140.0 8.089770948567236e-09
8146.97 2.7133477659784713e-08
8150.0 1.9025200683028457e-08
8156.97 0.0
8160.0 0.0
8166.96 0.0
8170.0 3.5008544576006e-08
8176.950000000001 1.2288994474751046e-07
8180.0 1.1153320960028468e-07
8186.950000000001 8.062102819527398e-08
8190.0 9.127234478604277e-08
8196.939999999999 1.1088646807813303e-07
8200.0 1.0984264920641768e-07
8206.939999999999 1.0288578891671746e-07
8210.0 1.0131140074116122e-07
8216.93 9.676195575696845e-08
8220.0 8.688165631479051e-08
8226.93 6.804441388223851e-08
8230.0 6.32029276584917e-08
8236.92 5.5291390227135737e-08
8240.0 6.588771603046606e-08
8246.91 9.337705192495445e-08
8250.0 6.538879036791376e-08
8256.91 0.0
8260.0 2.3525083187650002e-08
8266.900000000001 8.326899352665758e-08
8270.0 7.300761782081995e-08
8276.900000000001 4.6114262730649994e-08
8280.0 3.278820815103412e-08
8286.89 0.0
8290.0 0.0
8296.88 0.0
8300.0 8.477955835195862e-09
8306.88 2.5903950135890854e-08
8310.0 2.2603160207002893e-08
8316.87 1.6144857085726617e-08
8320.0 5.065991314037475e-08
8326.87 1.2895661665071225e-07
8330.0 1.2804408783261735e-07
8336.86 1.332647092348255e-07
8340.0 1.2179932599970408e-07
8346.849999999999 9.840791568016666e-08
8350.0 8.55738623868849e-08
8356.849999999999 5.2257941706145734e-08
8360.0 4.602540233882216e-08
8366.84 2.7197529723105944e-08
8370.0 1.867819329557532e-08
8376.84 0.0
8380.0 0.0
8386.83 0.0
8390.0 1.7600987651280783e-08
8396.83 4.566314261025763e-08
8400.0 4.346726569392106e-08
8406.82 4.206830988281299e-08
8410.0 2.6596589334989733e-08
8416.810000000001 0.0
8420.0 0.0
8426.810000000001 0.0
8430.0 0.0
8436.8 0.0
8440.0 0.0
8446.8 0.0
8450.0 1.712000073258106e-08
8456.789999999999 6.531059527565871e-08
8460.0 8.684042056573634e-08
8466.78 1.5241903200186286e-07
8470.0 1.2309802822627284e-07
8476.78 3.504873897446675e-08
8480.0 2.5590805533311007e-08
8486.77 0.0
8490.0 0.0
8496.77 0.0
8500.0 0.0
8506.76 0.0
8510.0 7.432363034402069e-09
8516.75 1.9872882361656702e-08
8520.0 4.6926199641360186e-08
8526.75 9.810238389192178e-08
8530.0 8.261365798506103e-08
8536.74 5.826938808128612e-08
8540.0 4.688283883702338e-08
8546.74 2.5463525213965264e-08
8550.0 5.041847901870291e-08
8556.73 1.1725272459684515e-07
8560.0 1.21318532286868e-07
8566.73 1.4079495955550307e-07
8570.0 1.0396774856848592e-07
8576.720000000001 0.0
8580.0 0.0
8586.710000000001 0.0
8590.0 3.088978744045966e-08
8596.710000000001 7.49079984408413e-08
8600.0 4.398788864326501e-08
8606.699999999999 0.0
8610.0 0.0
8616.699999999999 0.0
8620.0 1.3777602582524464e-10
8626.69 3.560136476869899e-10
8630.0 2.178222150698465e-10
8636.68 0.0
8640.0 5.6455623970063565e-09
8646.68 1.6975841854963652e-08
8650.0 2.2323852056735876e-08
8656.669999999998 3.599372418059926e-08
8660.0 3.5839331475843155e-08
8666.669999999998 3.8879019860533167e-08
8670.0 3.198550383226616e-08
8676.66 1.5568276275442703e-08
8680.0 2.4131325175810255e-08
8686.65 5.120817723706123e-08
8690.0 3.863101046488365e-08
8696.65 0.0
8700.0 0.0
8706.64 0.0
8710.0 0.0
8716.64 0.0
8720.0 0.0
8726.630000000001 0.0
8730.0 0.0
8736.630000000001 0.0
8740.0 0.0
8746.619999999999 0.0
8750.0 0.0
8756.61 0.0
8760.0 0.0
8766.61 0.0
8770.0 2.366233862619804e-08
8776.6 4.0969316603969156e-08
8780.0 2.0935547973035488e-08
8786.6 7.059310539666924e-09
8790.0 6.139040593386151e-09
8796.59 5.85311412034942e-09
8800.0 4.160251687438015e-09
8806.58 2.483702739144344e-09
8810.0 1.3949745839630725e-09
8816.58 0.0
8820.0 1.6826035283399235e-11
8826.57 4.4884259801014855e-11
8830.0 4.121701887525758e-10
8836.57 1.1038589368738617e-09
8840.0 1.009383110760835e-09
8846.560000000001 9.225269776482439e-10
8850.0 7.728303671036988e-10
8856.55 5.141614294516154e-10
8860.0 3.7273185155175524e-10
8866.55 0.0
8870.0 1.0967527594384892e-09
8876.54 1.0492278922337301e-08
8880.0 9.396833453767335e-09
8886.54 0.0
8890.0 2.6010791689828208e-08
8896.53 2.962038386723855e-08
8900.0 5.203997712573508e-09
8906.53 2.6676126819409413e-09
8910.0 1.0015047057371475e-09
8916.519999999999 0.0
8920.0 0.0
8926.51 0.0
8930.0 5.4225749371264164e-11
8936.51 1.355221124573029e-10
8940.0 1.7662241283397947e-10
8946.5 2.7370444640038803e-10
8950.0 3.289853004999912e-10
8956.5 4.790773644663799e-10
8960.0 3.2808533888742633e-10
8966.489999999998 0.0
8970.0 6.479735043820659e-10
8976.48 3.905202358676519e-09
8980.0 4.974461603253587e-09
8986.48 1.32441009604209e-08
8990.0 1.8915580841323277e-08
8996.47 9.121992497996178e-09
9000.0 2.3388461290248157e-09
9006.47 9.38075244504116e-10
9010.0 5.096007417411717e-10
9016.460000000001 3.562481525213429e-10
9020.0 2.3253292040624887e-10
9026.460000000001 1.2226173740157307e-10
9030.0 4.6300338005433606e-11
9036.45 0.0
9040.0 1.709047198319203e-11
9046.439999999999 4.81913698938237e-11
9050.0 3.67478856431017e-11
9056.439999999999 5.680615120921591e-12
9060.0 0.0
9066.43 0.0
9070.0 0.0
9076.43 0.0
9080.0 0.0
9086.42 0.0
9090.0 0.0
9096.41 0.0
9100.0 0.0
9106.41 0.0
9110.0 0.0
9116.4 1.666135067468684e-10
9120.0 3.085647894654221e-10
9126.4 3.94963544583398e-10
9130.0 4.3067075736428586e-10
9136.39 8.100712119660479e-10
9140.0 1.2085350258512817e-09
9146.380000000001 4.663097020611242e-09
9150.0 7.405475143109536e-09
9156.380000000001 1.6388405963737907e-07
9160.0 2.922420565158414e-07
9166.369999999999 1.3626099184289313e-07
9170.0 7.804496300366536e-09
9176.369999999999 5.13164918230274e-09
9180.0 2.8792957556245073e-09
9186.36 3.618500166325173e-09
9190.0 4.3191884563530285e-09
9196.36 2.0165994068346307e-09
9200.0 0.0
9206.35 0.0
9210.0 0.0
9216.339999999998 0.0
9220.0 0.0
9226.339999999998 0.0
9230.0 0.0
9236.33 0.0
9240.0 0.0
9246.33 0.0
9250.0 0.0
9256.32 0.0
9260.0 0.0
9266.310000000001 0.0
9270.0 0.0
9276.310000000001 0.0
9280.0 0.0
9286.3 0.0
9290.0 0.0
9296.3 0.0
9300.0 0.0
9306.289999999999 0.0
9310.0 0.0
9316.28 0.0
9320.0 0.0
9326.28 0.0
9330.0 0.0
9336.27 0.0
9340.0 0.0
9346.27 4.1244787052767854e-08
9350.0 6.579184006975041e-08
9356.26 6.584988542288495e-08
9360.0 6.589877485183245e-08
9366.26 6.600354223978749e-08
9370.0 6.609932607956294e-08
9376.25 6.623528220213245e-08
9380.0 6.627086572336218e-08
9386.24 6.636090604744602e-08
9390.0 6.642208303867446e-08
9396.24 6.649282628412795e-08
9400.0 6.654260267142078e-08
9406.23 6.664287566120676e-08
9410.0 6.669229946660901e-08
9416.23 6.674830309691014e-08
9420.0 6.679527862227665e-08
9426.22 2.5266276742790715e-08
9430.0 0.0
9436.210000000001 0.0
9440.0 0.0
9446.210000000001 4.169611417288816e-08
9450.0 6.717779065768487e-08
9456.2 6.728897796592968e-08
9460.0 6.733148724415819e-08
9466.2 6.7380776312927e-08
9470.0 6.741101764188318e-08
9476.189999999999 6.747613487717255e-08
9480.0 6.749504939735335e-08
9486.18 6.749914724404644e-08
9490.0 6.753040636328814e-08
9496.18 1.0939440386406561e-07
9500.0 1.3528997005381395e-07
9506.17 1.3550839413488367e-07
9510.0 1.3564016251454495e-07
9516.17 2.1976160283294686e-07
9520.0 2.720610681071669e-07
9526.160000000002 3.9847352098600533e-07
9530.0 4.769425693075942e-07
9536.160000000002 7.287961083965949e-07
9540.0 8.867352573010495e-07
9546.15 1.770737635553529e-06
9550.0 2.3245245560675895e-06
9556.14 6.150853944808082e-06
9560.0 8.558149993077024e-06
9566.14 7.212616441126491e-05
9570.0 0.00011214113728627376
9576.130000000001 9.448808810826245e-05
9580.0 8.32982244050699e-05
9586.130000000001 4.2973214204805576e-05
9590.0 1.7520227142586e-05
9596.119999999999 1.2662229353313253e-05
9600.0 9.571549715257169e-06
9606.11 8.191053489304401e-06
9610.0 7.3090259436909e-06
9616.11 6.8918125612015845e-06
9620.0 6.627110476241607e-06
9626.1 6.632801084534312e-06
9630.0 6.6357784627395505e-06
9636.1 6.851417575975855e-06
9640.0 6.985706255104301e-06
9646.09 7.321527434757135e-06
9650.0 7.537996736015825e-06
9656.08 8.000441113245953e-06
9660.0 8.303027068206766e-06
9666.08 8.941711432098572e-06
9670.0 9.351584430521897e-06
9676.07 1.0322846950011755e-05
9680.0 1.0946216468841695e-05
9686.07 1.2497418289749796e-05
9690.0 1.350863410291561e-05
9696.060000000001 1.6202636006783624e-05
9700.0 1.7948468158861217e-05
9706.060000000001 2.286020261827675e-05
9710.0 2.6053341268261557e-05
9716.05 3.531626404332364e-05
9720.0 4.136419471712725e-05
9726.039999999999 5.6599946153555566e-05
9730.0 6.66148082334413e-05
9736.039999999999 7.70500536224199e-05
9740.0 8.384632531135497e-05
9746.03 7.512355750250921e-05
9750.0 6.943492098601078e-05
9756.03 5.676361675416484e-05
9760.0 4.840328493898764e-05
9766.02 4.0731317160747684e-05
9770.0 3.564108183051257e-05
9776.010000000002 3.2004656561859636e-05
9780.0 2.9602330221253986e-05
9786.010000000002 2.8570867348485707e-05
9790.0 2.7891557799717268e-05
9796.0 2.9081551429734186e-05
9800.0 2.987576227772486e-05
9806.0 3.382837285003052e-05
9810.0 3.6454294385849465e-05
9815.99 4.493942154814275e-05
9820.0 5.0606511490309305e-05
9825.980000000001 6.659581211392363e-05
9830.0 7.735105125279102e-05
9835.980000000001 9.685382308858373e-05
9840.0 0.00011002316033086783
9845.97 0.00010798217724195357
9850.0 0.00010655495704360589
9855.97 8.677283861962938e-05
9860.0 7.34017022273178e-05
9865.96 5.8792099684617144e-05
9870.0 4.890324444746798e-05
9875.96 4.1215184457299184e-05
9880.0 3.600905498851236e-05
9885.95 3.219991908518987e-05
9890.0 2.9595286531658684e-05
9895.939999999999 2.8014935940721497e-05
9900.0 2.6940618128156637e-05
9905.939999999999 2.665320618627201e-05
9910.0 2.6451172508447575e-05
9915.93 2.6901186181464565e-05
9920.0 2.7218588165225243e-05
9925.93 2.7680857194402136e-05
9930.0 2.7996873294346886e-05
9935.92 2.7505133629385977e-05
9940.0 2.7163579403559244e-05
9945.91 2.534854559959808e-05
9950.0 2.410386514315402e-05
9955.91 2.155953281534475e-05
9960.0 1.9792412872317948e-05
9965.9 1.7365582291022593e-05
9970.0 1.5675702660991642e-05
9975.9 1.3862862648864189e-05
9980.0 1.2607368635957861e-05
9985.89 1.1337755544623983e-05
9990.0 1.0445919411678485e-05
9995.880000000001 9.664841383884808e-06
10000.0 9.122346265785762e-06
10005.880000000001 8.758363914000427e-06
10010.0 8.503349972377819e-06
10015.869999999999 8.428302353877611e-06
10020.0 8.369038956596328e-06
10025.869999999999 8.656440989390378e-06
10030.0 8.867018999513553e-06
10035.86 9.620106624772065e-06
10040.0 1.0151109440032645e-05
10045.86 1.1564703146894264e-05
10050.0 1.255462703692842e-05
10055.85 1.5230884486681817e-05
10060.0 1.7147345733574287e-05
10065.84 2.186927350696955e-05
10070.0 2.52221020485693e-05
10075.84 3.149561231765415e-05
10080.0 3.597477493374903e-05
10085.830000000002 3.7308488435660653e-05
10090.0 3.82623897716804e-05
10095.830000000002 3.1884110571893826e-05
10100.0 2.73090187570596e-05
10105.82 2.1255469216048766e-05
10110.0 1.6909903860096344e-05
10115.81 1.3460395789646338e-05
10120.0 1.0967145270092219e-05
10125.81 9.115051891092179e-06
10130.0 7.781976701275298e-06
10135.800000000001 6.757506333225271e-06
10140.0 6.012677000425373e-06
10145.800000000001 5.436234224070136e-06
10150.0 5.019047880914917e-06
10155.789999999999 4.73085916363292e-06
10160.0 4.520982390685083e-06
10165.779999999999 4.3964240900853164e-06
10170.0 4.3065880955794875e-06
10175.779999999999 4.346755967167752e-06
10180.0 4.375391411668176e-06
10185.77 4.5772403955895714e-06
10190.0 4.724344350633575e-06
10195.77 5.127993696801979e-06
10200.0 5.424201338455019e-06
10205.76 6.1919238710882175e-06
10210.0 6.758853564243258e-06
10215.76 8.096295167445322e-06
10220.0 9.07593797429879e-06
10225.75 1.1613538285080438e-05
10230.0 1.3493093560132282e-05
10235.74 1.8811439137211596e-05
10240.0 2.2756526615191074e-05
10245.739999999998 3.5278248662366566e-05
10250.0 4.4559968509765223e-05
10255.730000000001 7.345534766365106e-05
10260.0 9.500137890051579e-05
10265.730000000001 0.00011725569108378543
10270.0 0.00013382018068204622
10275.72 0.00010820354332507121
10280.0 8.904902287045066e-05
10285.710000000001 6.839968089711257e-05
10290.0 5.287481873252538e-05
10295.710000000001 4.353945547791407e-05
10300.0 3.655556200806303e-05
10305.699999999999 3.249747036206687e-05
10310.0 2.9422501561362484e-05
10315.699999999999 2.8018305524375288e-05
10320.0 2.6962189541541567e-05
10325.689999999999 2.7354210726867135e-05
10330.0 2.764787194381407e-05
10335.68 2.954038658606462e-05
10340.0 3.0984413986213935e-05
10345.68 3.4030147584024975e-05
10350.0 3.635407939414603e-05
10355.67 3.861241789590279e-05
10360.0 4.0336834305908425e-05
10365.67 3.8241926270341056e-05
10370.0 3.664003283632885e-05
10375.66 3.079538928678489e-05
10380.0 2.6306125980384706e-05
10385.66 2.1049168114964595e-05
10390.0 1.7023697786039812e-05
10395.650000000001 1.3676756046070185e-05
10400.0 1.1094591709193225e-05
10405.64 9.125777696325806e-06
10410.0 7.6035001156044645e-06
10415.64 6.461907236077617e-06
10420.0 5.5788848447215515e-06
10425.630000000001 4.871389245079731e-06
10430.0 4.321859461832292e-06
10435.630000000001 3.889174944378292e-06
10440.0 3.5545193811935995e-06
10445.619999999999 3.280929009898772e-06
10450.0 3.0677999866051765e-06
10455.61 2.91218766368413e-06
10460.0 2.789086345971454e-06
10465.61 2.671015391085804e-06
10470.0 2.5790178196951233e-06
10475.599999999999 2.5788008928684028e-06
10480.0 2.5785781167439054e-06
10485.599999999999 2.578338253346695e-06
10490.0 2.5758120259370622e-06
10495.59 2.6891571110514513e-06
10500.0 2.778621447441601e-06
10505.58 2.9301234243066238e-06
10510.0 3.052345926569367e-06
10515.58 3.283906809389243e-06
10520.0 3.466211316027688e-06
10525.57 3.8499193254603885e-06
10530.0 4.154774845538259e-06
10535.57 4.7686159910859675e-06
10540.0 5.258357271657555e-06
10545.560000000001 6.218585122649115e-06
10550.0 6.9843643011643155e-06
10555.560000000001 8.557041965498193e-06
10560.0 9.810469644793034e-06
10565.550000000001 1.2485206831271348e-05
10570.0 1.4633553064398361e-05
10575.539999999999 1.9637167036079028e-05
10580.0 2.3659373331108335e-05
10585.539999999999 3.319162327004302e-05
10590.0 4.085507044240039e-05
10595.53 5.810335838749129e-05
10600.0 7.205013864598959e-05
10605.53 9.323525198361556e-05
10610.0 0.00011035030199784067
10615.519999999999 0.00011624557365959081
10620.0 0.00012105569334161586
10625.510000000002 0.00011051044756630758
10630.0 0.00010193045835867206
10635.510000000002 9.030728803988101e-05
10640.0 8.08069699707434e-05
10645.5 7.269653341696904e-05
10650.0 6.608044588879422e-05
10655.5 6.0602647423674e-05
10660.0 5.613316739095146e-05
10665.49 5.18494847859617e-05
10670.0 4.831871542244688e-05
10675.49 4.4249127295264556e-05
10680.0 4.089882749539589e-05
10685.48 3.679406841956127e-05
10690.0 3.3410716113155e-05
10695.470000000001 2.9581223446196106e-05
10700.0 2.641857497204593e-05
10705.470000000001 2.3200219045024684e-05
10710.0 2.0527657759164523e-05
10715.460000000001 1.8018970561220405e-05
10720.0 1.5930267904172372e-05
10725.460000000001 1.4094147536364996e-05
10730.0 1.2567244707425798e-05
10735.45 1.125850332085649e-05
10740.0 1.0166416655991702e-05
10745.439999999999 9.234449863171834e-06
10750.0 8.451289323967007e-06
10755.439999999999 7.816590374897951e-06
10760.0 7.282869813654919e-06
10765.43 6.834036083321323e-06
10770.0 6.458046558295364e-06
10775.43 6.16059886306152e-06
10780.0 5.910924597999942e-06
10785.419999999998 5.7638311645956265e-06
10790.0 5.636792203322859e-06
10795.410000000002 5.561170366990893e-06
10800.0 5.496850442512986e-06
10805.410000000002 5.532637467815508e-06
10810.0 5.56292105217918e-06
10815.4 5.672671809773359e-06
10820.0 5.766199067674272e-06
10825.4 5.950064200725777e-06
10830.0 6.106310929868717e-06
10835.39 6.437126596007546e-06
10840.0 6.7202460412788815e-06
10845.39 7.235857700104193e-06
10850.0 7.675276429073157e-06
10855.380000000001 8.371866079314634e-06
10860.0 8.969433818589272e-06
10865.37 9.99408741238721e-06
10870.0 1.0876312129954477e-05
10875.37 1.2375611283109947e-05
10880.0 1.366699238154084e-05
10885.36 1.5855680312897017e-05
10890.0 1.775167384762383e-05
10895.36 2.1074749095670058e-05
10900.0 2.3949505581406907e-05
10905.35 2.8903392462294858e-05
10910.0 3.320529113000393e-05
10915.339999999998 4.050684679121824e-05
10920.0 4.687282081245482e-05
10925.339999999998 5.6814589426084494e-05
10930.0 6.549252402937377e-05
10935.330000000002 7.667939133274047e-05
10940.0 8.645008401914818e-05
10945.330000000002 9.52650226895812e-05
10950.0 0.00010302129230767621
10955.32 0.00010650309652945888
10960.0 0.00010956521667539587
10965.31 0.00010863715270143403
10970.0 0.00010781446014824162
10975.31 0.00010547719254732047
10980.0 0.0001034359668658118
10985.3 0.00010195869166230179
10990.0 0.00010065033993381469
10995.3 0.0001009709038739754
11000.0 0.00010124087029804182
11005.29 0.00010388118738986966
11010.0 0.00010625233922974157
11015.29 0.00011167828485709707
11020.0 0.00011652682603710044
11025.28 0.00012493376762927135
11030.0 0.0001324252159349834
11035.27 0.00014336771736272387
11040.0 0.0001532064380477311
11045.27 0.00016438210566444613
11050.0 0.00017444097828551766
11055.26 0.00018048507336347955
11060.0 0.00018593312026545994
11065.26 0.00018179662857515768
11070.0 0.00017808311299731292
11075.25 0.0001650062827427674
11080.0 0.00015311942713927524
11085.239999999998 0.00013737290768999605
11090.0 0.00012308388077668955
11095.239999999998 0.00010942020916000776
11100.0 9.700278164291439e-05
11105.230000000001 8.66689114089726e-05
11110.0 7.7240758723453e-05
11115.230000000001 6.992499832121231e-05
11120.0 6.324865979140069e-05
11125.22 5.814490844543803e-05
11130.0 5.347291093376968e-05
11135.21 4.997616609423245e-05
11140.0 4.674979705652991e-05
11145.21 4.441250158583307e-05
11150.0 4.226146641346292e-05
11155.2 4.081208430650034e-05
11160.0 3.947154582383793e-05
11165.2 3.872930904885816e-05
11170.0 3.8044213169307507e-05
11175.19 3.786931749112848e-05
11180.0 3.770965247585013e-05
11185.19 3.8069256035434564e-05
11190.0 3.840438497741942e-05
11195.18 3.936616721025941e-05
11200.0 4.0249907959183235e-05
11205.17 4.176176929752061e-05
11210.0 4.3183547697322394e-05
11215.17 4.544682680739127e-05
11220.0 4.756064687980843e-05
11225.16 5.0699850689382154e-05
11230.0 5.3637173586759206e-05
11235.16 5.7824835972835166e-05
11240.0 6.175893368198111e-05
11245.150000000001 6.721055182451702e-05
11250.0 7.233381035744221e-05
11255.14 7.930416389736252e-05
11260.0 8.59072486412777e-05
11265.14 9.451007306729011e-05
11270.0 0.0001026377415721658
11275.13 0.00011243847958293114
11280.0 0.0001217506014085081
11285.13 0.0001319522322105248
11290.0 0.00014161957319030528
11295.119999999999 0.00015045783310718792
11300.0 0.00015891216711521057
11305.11 0.00016483877316770832
11310.0 0.0001704806698321056
11315.11 0.00017247550643217357
11320.0 0.0001744255709697189
11325.1 0.00017307939070534007
11330.0 0.00017173371798960213
11335.1 0.00016824855760795636
11340.0 0.00016493419175489364
11345.09 0.00016079832913109114
11350.0 0.00015683152303147405
11355.09 0.00015299360167836076
11360.0 0.00014923941338668508
11365.08 0.00014622305754882168
11370.0 0.0001433235212639258
11375.07 0.00014144794552252185
11380.0 0.00013962279320511446
11385.07 0.00013895809765848184
11390.0 0.00013828546758625979
11395.060000000001 0.0001389084266430763
11400.0 0.0001395446301565481
11405.060000000001 0.00014154939953083938
11410.0 0.0001435467460164252
11415.050000000001 0.00014711205398984026
11420.0 0.0001504943947831562
11425.039999999999 0.00015562734639741136
11430.0 0.0001607646153147623
11435.039999999999 0.00016802356299217304
11440.0 0.00017513864854072517
11445.029999999999 0.00018483767011995755
11450.0 0.0001943997808611365
11455.029999999999 0.0002071826315022274
11460.0 0.0002198086985206079
11465.02 0.0002365861451061591
11470.0 0.00025318622320805184
11475.01 0.00027513338744922515
11480.0 0.0002970856386026949
11485.01 0.0003263183991441179
11490.0 0.0003552964529052115
11495.0 0.0003940110345566687
11500.0 0.0004328801080146352
11505.0 0.00048535266898502296
11510.0 0.0005375794996208938
11514.99 0.0006089094348020328
11520.0 0.0006804864584514421
11524.99 0.0007794368321286375
11530.0 0.0008788378010862259
11534.98 0.001018395931872277
11540.0 0.0011589589925466706
11544.970000000001 0.001359013981537825
11550.0 0.001561383466784197
11554.970000000001 0.0018547156947640714
11560.0 0.0021513130247696787
11564.960000000001 0.0025895757793749615
11570.0 0.0030352981160091026
11574.960000000001 0.0037081407378322575
11580.0 0.004390123060251619
11584.949999999999 0.00544369579351932
11590.0 0.006519842275934513
11594.939999999999 0.008220190993198196
11600.0 0.009961079516378256
11604.939999999999 0.012780580204813484
11610.0 0.015667055908870606
11614.93 0.020469202021917002
11620.0 0.025408325417144502
11624.93 0.033818879366442955
11630.0 0.04248169537632596
11634.92 0.057444539698864185
11640.0 0.07287754177766177
11644.91 0.09926212161120453
11650.0 0.12662173867601417
11654.91 0.17079578841420998
11660.0 0.2165136164171258
11664.9 0.28023631906602875
11670.0 0.3467376832558425
11674.9 0.4175257011975678
11680.0 0.49123557022726516
11684.89 0.5451243007778708
11690.0 0.6012925480931332
11694.89 0.6284189815728435
11700.0 0.6569716127091548
11704.880000000001 0.6660599437020241
11710.0 0.6756289357265352
11714.87 0.6773155755831958
11720.0 0.6790451302839174
11724.87 0.67904584156515
11730.0 0.6790465606216831
11734.86 0.6792829818055982
11740.0 0.6796173348682901
11744.86 0.6803256124472841
11750.0 0.6809783161895591
11754.849999999999 0.681681832199078
11760.0 0.6825770186143588
11764.84 0.6832707408515054
11770.0 0.6837753587530954
11774.84 0.6840437160824053
11780.0 0.6844863406764998
11784.83 0.6847680519390854
11790.0 0.6850589849203583
11794.83 0.6853080447224918
11800.0 0.6855017950794616
11804.82 0.685735477587228
11810.0 0.6859707484636725
11814.81 0.6862459776635365
11820.0 0.6864256447215057
11824.81 0.6866035147594822
11830.0 0.687026289510452
11834.8 0.6873720677726322
11840.0 0.6876033590864027
11844.8 0.687714865365884
11850.0 0.6877391272089955
11854.79 0.6876408029063782
11860.0 0.6878087234263153
11864.79 0.687864874904396
11870.0 0.6874344654490594
11874.78 0.6870020603082966
11880.0 0.6867274648346545
11884.769999999999 0.6865103472933536
11890.0 0.6862833354644529
11894.769999999999 0.6861701933538699
11900.0 0.685910818841925
11904.760000000002 0.6858246900054725
11910.0 0.6858669221200709
11914.760000000002 0.6860626772979752
11920.0 0.6861441688765967
11924.75 0.6863562983798024
11930.0 0.6867290727830571
11934.74 0.6871589144571842
11940.0 0.6875589609238134
11944.74 0.6879455022205209
11950.0 0.6882880034242996
11954.73 0.6885623354648974
11960.0 0.6887664960617791
11964.73 0.6888565149964212
11970.0 0.6891949044619847
11974.72 0.6893718257775243
11980.0 0.6895492138163783
11984.71 0.6895741668858021
11990.0 0.6893786949786922
11994.71 0.6890825459353999
12000.0 0.6890085574511997
12004.7 0.6888696360253708
12010.0 0.6886763369614495
12014.7 0.6884717054945845
12020.0 0.6881932267154732
12024.69 0.6879541988774117
12030.0 0.687641039042133
12034.69 0.6874197247906633
12040.0 0.6871908103642077
12044.68 0.6870735661162491
12050.0 0.6869553691173752
12054.669999999998 0.686950563502857
12060.0 0.6870164085639987
12064.669999999998 0.6871730421102282
12070.0 0.687363509105564
12074.660000000002 0.687606830712619
12080.0 0.6878829333425257
12084.660000000002 0.6881823916628208
12090.0 0.6883610415202652
12094.65 0.6885420147347588
12100.0 0.6890073674011518
12104.64 0.689403768245724
12110.0 0.6898723982423174
12114.64 0.690241754460288
12120.0 0.6905871770458905
12124.63 0.6908237968077203
12130.0 0.6910085111850035
12134.63 0.6910986996100582
12140.0 0.6911703938097428
12144.619999999999 0.6911522934272292
12150.0 0.6912623768428032
12154.61 0.6912879819721274
12160.0 0.691187902359291
12164.61 0.6910444437839581
12170.0 0.6909281040777516
12174.6 0.6907855243274257
12180.0 0.69056813865087
12184.6 0.6903613400633934
12190.0 0.6902340201499639
12194.589999999998 0.690129389330738
12200.0 0.6900742599739788
12204.589999999998 0.6900418580589905
12210.0 0.6899338668007664
12214.580000000002 0.6898819597937476
12220.0 0.68960075447866
12224.57 0.6894138525093176
12230.0 0.6893702597947904
12234.57 0.6893873190525454
12240.0 0.6893674856900016
12244.560000000001 0.6894115951603137
12250.0 0.6894040152544613
12254.560000000001 0.6894548092211705
12260.0 0.6893878686769274
12264.55 0.6893852320465034
12270.0 0.6896253064205716
12274.539999999999 0.6898715155487962
12280.0 0.690179508157954
12284.539999999999 0.6904640554891299
12290.0 0.6906849248050482
12294.529999999999 0.6908822774832956
12300.0 0.6911776863654193
12304.529999999999 0.691425833375934
12310.0 0.6916699887901294
12314.52 0.6918504297021539
12320.0 0.6919992713976357
12324.51 0.692093413632947
12330.0 0.6921504854539521
12334.51 0.692151382192438
12340.0 0.6921824607998939
12344.5 0.6921550876809989
12350.0 0.6921418825940321
12354.5 0.6920747798693118
12360.0 0.6921281575969508
12364.489999999998 0.6921191332196702
12370.0 0.6920653487215084
12374.489999999998 0.6919759472526674
12380.0 0.6918957569929698
12384.480000000001 0.6917920968668393
12390.0 0.6917207024992839
12394.47 0.691645446915841
12400.0 0.6914680694300243
12404.47 0.6913177326350872
12410.0 0.6910790918750809
12414.460000000001 0.6909005677465291
12420.0 0.6908653993953133
12424.460000000001 0.6908579548086031
12430.0 0.6908677520366924
12434.449999999999 0.6909068610470662
12440.0 0.6909428472129204
12444.439999999999 0.691013206578243
12450.0 0.6911436068862167
12454.439999999999 0.6912789330533299
12460.0 0.6913975549630993
12464.43 0.6915266503871732
12470.0 0.6917091122185881
12474.43 0.6918715352057698
12480.0 0.6922078052471071
12484.42 0.6924816098235571
12490.0 0.6926759799265442
12494.42 0.6928195986916771
12500.0 0.6930614595007853
12504.41 0.6932112425788586
12510.0 0.6934631851548653
12514.400000000001 0.6936236942439977
12520.0 0.6938098852108087
12524.400000000001 0.693914911572016
12530.0 0.6940957769229475
12534.39 0.694186058298474
12540.0 0.6942497387603642
12544.39 0.6942583397896133
12550.0 0.6942195527729301
12554.380000000001 0.6941549804660069
12560.0 0.694030713486372
12564.369999999999 0.69391355912276
12570.0 0.6939088078758652
12574.369999999999 0.693905052248065
12580.0 0.693827095124417
12584.36 0.6937803407496941
12590.0 0.693747620013645
12594.36 0.6937598471426916
12600.0 0.6937432535414708
12604.349999999999 0.6937781451508814
12610.0 0.6937976154041715
12614.34 0.6938703775811487
12620.0 0.6939914780510762
12624.34 0.6941455683256511
12630.0 0.6942171117227239
12634.33 0.6943329224613102
12640.0 0.6946433611028351
12644.33 0.6949313929540469
12650.0 0.6952226067786835
12654.32 0.695478372073435
12660.0 0.6957055685768146
12664.32 0.6958986464900493
12670.0 0.6960663033557705
12674.310000000001 0.69619005175329
12680.0 0.6965229974489986
12684.300000000001 0.696747657186042
12690.0 0.6968626482772199
12694.300000000001 0.6969055223166374
12700.0 0.6970359719728999
12704.289999999999 0.6970770011432753
12710.0 0.6972862189831444
12714.289999999999 0.6973728597747849
12720.0 0.6971104920328867
12724.28 0.6968434679364398
12730.0 0.6965973494990513
12734.269999999999 0.6963501840854189
12740.0 0.6959796279756585
12744.269999999999 0.6956501491768439
12750.0 0.6954315185500283
12754.260000000002 0.6952356879688767
12760.0 0.6946868391455321
12764.260000000002 0.6942663452641201
12770.0 0.6937380466397586
12774.25 0.6933569751757065
12780.0 0.6929674987068488
12784.24 0.6927101457323401
12790.0 0.6923518470460349
12794.24 0.6921377648280864
12800.0 0.6917012043867423
12804.23 0.6914367314549038
12810.0 0.6911449281596964
12814.23 0.690996931219922
12820.0 0.6906859363324251
12824.220000000001 0.6905241560864591
12830.0 0.6905608953693252
12834.220000000001 0.6906468013997654
12840.0 0.6907024467858975
12844.210000000001 0.6907854938484574
12850.0 0.6906506631246172
12854.2 0.6905820547340313
12860.0 0.6906798876971638
12864.2 0.6907571509982379
12870.0 0.6908209862123584
12874.189999999999 0.6908539644778804
12880.0 0.6909314437983426
12884.189999999999 0.6909612124891024
12890.0 0.691212058017873
12894.18 0.6913438907797225
12900.0 0.6913851144479503
12904.169999999998 0.6913596386477322
12910.0 0.6912528773210036
12914.169999999998 0.6911118460308731
12920.0 0.6910161368309357
12924.160000000002 0.6908898301936456
12930.0 0.6907926413433717
12934.160000000002 0.6906686315258761
12940.0 0.6903651270625932
12944.15 0.6901077216791869
12950.0 0.6899249847101533
12954.14 0.6897668051148838
12960.0 0.68951789781376
12964.14 0.6893356421655773
12970.0 0.6889534739216997
12974.130000000001 0.6886937836938509
12980.0 0.6882600990356768
12984.130000000001 0.6879838142966285
12990.0 0.6879316357409769
12994.12 0.6879396029155919
13000.0 0.687767282890929
13004.12 0.687726324679826
13010.0 0.6877109494184205
13014.11 0.6877574580315892
13020.0 0.6879229233081497
13024.1 0.6880952522261389
13030.0 0.6883076185287268
13034.1 0.6885028449443699
13040.0 0.6889412928684319
13044.089999999998 0.6892865242241917
13050.0 0.6894881098944002
13054.089999999998 0.6896466150462996
13060.0 0.6898522691139558
13064.080000000002 0.6900005357323358
13070.0 0.690389996360278
13074.07 0.6906483443133398
13080.0 0.6910364560384461
13084.07 0.6912744962414283
13090.0 0.6917210059943802
13094.06 0.6919890123503362
13100.0 0.6923269678272933
13104.06 0.6925139084337958
13110.0 0.6928166980422799
13114.05 0.6929697349865459
13120.0 0.693272653391958
13124.04 0.6934249972008367
13130.0 0.6934189130687424
13134.04 0.6933708410194364
13140.0 0.6931992744897051
13144.029999999999 0.6930457045141396
13150.0 0.6929928632049628
13154.029999999999 0.6929289761269268
13160.0 0.6930325754960529
13164.02 0.6930928529282736
13170.0 0.6931425610049282
13174.02 0.6931727506306696
13180.0 0.6929747538699138
13184.01 0.6928606947580702
13190.0 0.6925042923136384
13194.0 0.6922912345492958
13200.0 0.6924263298642219
13204.0 0.6925536902120751
13210.0 0.692557969676761
13213.989999999998 0.6926043012863657
13220.0 0.6928812402037263
13223.989999999998 0.6931055107799853
13230.0 0.6930702284683443
13233.98 0.6930902862703991
13240.0 0.6932755644060085
13243.970000000001 0.6934349037111133
13250.0 0.693665516931369
13253.970000000001 0.6938483257843114
13260.0 0.6940936124606679
13263.96 0.694273246072649
13270.0 0.6946763307919103
13273.96 0.6949499431876057
13280.0 0.6953353955693536
13283.95 0.6955875323752106
13290.0 0.6960046285536399
13293.94 0.6962671004943851
13300.0 0.6963150520898341
13303.94 0.6963246422727288
13310.0 0.6966465644439434
13313.929999999998 0.6968277597953233
13320.0 0.6972083308108736
13323.929999999998 0.6974240815246278
13330.0 0.6974637952121644
13333.92 0.6974588093313346
13340.0 0.6974822531372553
13343.92 0.6974667424290414
13350.0 0.6975717760503931
13353.91 0.6976209913240987
13360.0 0.6976700841446694
13363.900000000001 0.697683230781586
13370.0 0.6975439703099093
13373.900000000001 0.6974457961669407
13380.0 0.6974743003006616
13383.89 0.6974924670336431
13390.0 0.6976800722340293
13393.89 0.697808616130517
13400.0 0.69757105639684
13403.88 0.6974353787409431
13410.0 0.6973522872236001
13413.870000000003 0.6973209227110971
13420.0 0.6973063142089458
13423.870000000003 0.6973212939692482
13430.0 0.6976470731134101
13433.86 0.6978733719116524
13440.0 0.6981198000053025
13443.86 0.6982989103015511
13450.0 0.698232353766118
13453.85 0.6982056497068209
13460.0 0.6983899812575428
13463.84 0.6985141016943752
13470.0 0.6987197888199758
13473.84 0.6988480240902933
13480.0 0.6988947349245013
13483.829999999998 0.6989117690434156
13490.0 0.698809110466059
13493.829999999998 0.698721379306289
13500.0 0.6989602105931978
13503.82 0.6990743832190641
13510.0 0.6992424972992958
13513.82 0.6993105519006134
13520.0 0.6991432859907648
13523.810000000001 0.6990014238018359
13530.0 0.6987345951052646
13533.800000000001 0.6985321838658799
13540.0 0.6986135205250549
13543.800000000001 0.6986306283072624
13550.0 0.6981974975559152
13553.789999999999 0.6979001944467699
13560.0 0.6974180140196328
13563.789999999999 0.6971060440722137
13570.0 0.6966323139481275
13573.779999999999 0.69632926641436
13580.0 0.6959921475573094
13583.770000000002 0.6957819401420494
13590.0 0.6955028252435261
13593.770000000002 0.695342741188413
13600.0 0.6952156398905261
13603.76 0.6951564886863855
13610.0 0.6947058963738815
13613.76 0.6944608834869614
13620.0 0.6937498446839053
13623.75 0.69335194317625
13630.0 0.6929666268175799
13633.74 0.6927711027477694
13640.0 0.6927561973562805
13643.74 0.6927852030819869
13650.0 0.6928789698447955
13653.729999999998 0.6929697588755764
13660.0 0.6926721551931609
13663.729999999998 0.6925271034099602
13670.0 0.6923752293230455
13673.720000000001 0.6923140995678789
13680.0 0.6925613653481282
13683.720000000001 0.6927252601460329
13690.0 0.6925326595282035
13693.710000000001 0.6924274866185341
13700.0 0.6922736426281686
13703.699999999999 0.6921888436399267
13710.0 0.6927009372476838
13713.699999999999 0.6929931211940151
13720.0 0.6928835516564437
13723.689999999999 0.6928020813626672
13730.0 0.6928638395816784
13733.689999999999 0.6928798329025895
13740.0 0.6929023851270522
13743.68 0.6928897441002847
13750.0 0.6928760183007852
13753.670000000002 0.6928394738669598
13760.0 0.69287280132186
13763.670000000002 0.6928606920299035
13770.0 0.6930739700742526
13773.66 0.6931716023307659
13780.0 0.6929615447924645
13783.66 0.6928174876085837
13790.0 0.6924294514338178
13793.65 0.6921862083047279
13800.0 0.6919848291148255
13803.64 0.6918608949049058
13810.0 0.6916289334907778
13813.64 0.6914905158914268
13820.0 0.6912623031223779
13823.629999999997 0.6911377046297132
13830.0 0.6912714356098711
13833.629999999997 0.6913588701032769
13840.0 0.691198695473958
13843.62 0.6911245852289022
13850.0 0.6908217475934366
13853.62 0.690669679422743
13860.0 0.6906655133511578
13863.61 0.6906912607917535
13870.0 0.6906806647974933
13873.599999999999 0.6906971280432324
13880.0 0.6908147344661215
13883.599999999999 0.6909033292234599
13890.0 0.6908484837121122
13893.59 0.6908400962437956
13900.0 0.6911838945427462
13903.59 0.6913932610301661
13910.0 0.69164913876829
13913.58 0.6918060298935712
13920.0 0.691743581129078
13923.570000000002 0.6917116142346662
13930.0 0.6921641061838899
13933.570000000002 0.6924153857714223
13940.0 0.6927674507305432
13943.56 0.6929568502488742
13950.0 0.6929653168676319
13953.56 0.6929560893510851
13960.0 0.6928425740190173
13963.55 0.6927605892184502
13970.0 0.6929215024317478
13973.54 0.6929932472481268
13980.0 0.6927779399139652
13983.54 0.6926350941374841
13990.0 0.6929834744675013
13993.529999999999 0.6931517826755028
14000.0 0.6932334581754187
14003.529999999999 0.6932613193721305
14010.0 0.6932135419113062
14013.52 0.6931710428779306
14020.0 0.693021785136063
14023.52 0.6929297091635419
14030.0 0.6928238994782339
14033.510000000002 0.6927583491927374
14040.0 0.6926692797814278
14043.5 0.6926212279933875
14050.0 0.6923510509142144
14053.5 0.6922137915680556
14060.0 0.6922054457523857
14063.49 0.6922145746666643
14070.0 0.6921009653943623
14073.49 0.6920564214966599
14080.0 0.6920133851571206
14083.48 0.6920121336883349
14090.0 0.691775038288252
14093.470000000001 0.6916732658682958
14100.0 0.6913788409398762
14103.470000000001 0.6912440640668743
14110.0 0.6913725056374822
14113.46 0.6914648888836273
14120.0 0.6919458998436184
14123.46 0.6922166491520237
14130.0 0.6923900196362781
14133.45 0.6924976720377369
14140.0 0.6917160116454328
14143.45 0.6913095296327014
14150.0 0.6921824379509327
14153.44 0.6926383232597921
14160.0 0.6926575727558949
14163.429999999998 0.6926622572655446
14170.0 0.6924319096085825
14173.429999999998 0.6923008825404411
14180.0 0.6922693873025265
14183.420000000002 0.6922316172684898
14190.0 0.6923162333806553
14193.420000000002 0.692336187302651
14200.0 0.6923028718766092
14203.410000000002 0.6922563264698247
14210.0 0.692092381240069
14213.4 0.6919786152794768
14220.0 0.691946519851391
14223.4 0.6919007908836079
14230.0 0.6919163170232635
14233.39 0.6918977981449047
14240.0 0.6916438538678974
14243.39 0.6914871619192615
14250.0 0.691209082676592
14253.38 0.6910510620488873
14260.0 0.6907140554704969
14263.370000000003 0.6905267294741033
14270.0 0.6899262987778771
14273.370000000003 0.6896159392897273
14280.0 0.6891246480131618
14283.36 0.6888783435811799
14290.0 0.6887148412085499
14293.36 0.6886399119638131
14300.0 0.6884544891780195
14303.35 0.6883739686539458
14310.0 0.6878840972525527
14313.35 0.687660895199414
14320.0 0.6872998358556001
14323.339999999998 0.6871419598371908
14330.0 0.6870820292830883
14333.329999999998 0.6870806077186182
14340.0 0.6870242393671084
14343.329999999998 0.6870220635905128
14350.0 0.6871020165117332
14353.320000000002 0.6871728904320502
14360.0 0.6872442231902501
14363.320000000002 0.6873029970140344
14370.0 0.6874485440619967
14373.310000000001 0.6875439266494104
14380.0 0.6874854142270308
14383.3 0.6874719925465986
14390.0 0.6875413922616538
14393.3 0.6875858711391141
14400.0 0.6875871990885063
14403.289999999999 0.687592966069301
14410.0 0.687915382729932
14413.289999999999 0.6880709296696198
14420.0 0.6883009879286612
14423.279999999999 0.68840577859462
14430.0 0.6886183972900689
14433.270000000002 0.6887065515359666
14440.0 0.6888831968959148
14443.270000000002 0.6889511578121248
14450.0 0.688900290025915
14453.26 0.6888527325103465
14460.0 0.6889595345775382
14463.26 0.6889908245181545
14470.0 0.6893435908469611
14473.25 0.6894908175288043
14480.0 0.6895762112517394
14483.25 0.6895969811838196
14490.0 0.6895844883484684
14493.239999999998 0.689563271306365
14500.0 0.6894780301538245
14503.23 0.6894383164360066
14510.0 0.6891314814773697
14513.23 0.6889775265938636
14520.0 0.6889061580154554
14523.220000000001 0.6888747093446528
14530.0 0.6886769793354733
14533.220000000001 0.6885881091743079
14540.0 0.6884356768675354
14543.210000000001 0.6883710357054412
14550.0 0.6885056276903454
14553.199999999999 0.6885840488496718
14560.0 0.6887588476092988
14563.199999999999 0.6888561153060864
14570.0 0.6886860087089939
14573.189999999999 0.6886212044755453
14580.0 0.6885312879755038
14583.189999999999 0.6885116563667728
14590.0 0.6885008945484898
14593.18 0.6885108139589508
14600.0 0.6884807297191748
14603.17 0.6884841241288664
14610.0 0.6885596347815265
14613.17 0.6886095815841144
14620.0 0.6888007643634746
14623.16 0.6888966572882287
14630.0 0.6888772070944336
14633.16 0.6888756316776993
14640.0 0.6891087153394149
14643.150000000001 0.6892136048297645
14650.0 0.6892843134818689
14653.150000000001 0.689311887199518
14660.0 0.6895240725831427
14663.14 0.6896065860151105
14670.0 0.6898458407948206
14673.13 0.6899427512106563
14680.0 0.6897190878523994
14683.13 0.6895950931873992
14690.0 0.6894915706116382
14693.12 0.6894274422851131
14700.0 0.6892026409947479
14703.12 0.6890811495059721
14710.0 0.688768193031946
14713.11 0.6886072600529156
14720.0 0.6887417479232668
14723.099999999999 0.68879008979983
14730.0 0.6887261568466985
14733.099999999999 0.6886877049681999
14740.0 0.6882289725950207
14743.09 0.6880187378002058
14750.0 0.6876328498977627
14753.09 0.6874603157495874
14760.0 0.6869165084330446
14763.08 0.6866838022728442
14770.0 0.6868466571955401
14773.07 0.6869284719161164
14780.0 0.6864618113311656
14783.07 0.6862719207132421
14790.0 0.6861049400260069
14793.060000000001 0.6860527486635968
14800.0 0.6858768959450089
14803.060000000001 0.6858185010169114
14810.0 0.6857470326982781
14813.050000000001 0.6857394674997584
14820.0 0.6856579605350641
14823.050000000001 0.6856436393892418
14830.0 0.6856474173509352
14833.039999999999 0.6856680675637138
14840.0 0.6855597721200664
14843.029999999999 0.685531526869382
14850.0 0.685496273480715
14853.029999999999 0.6854880076311566
14860.0 0.6857577509242964
14863.02 0.6858817189741058
14870.0 0.6860979705508569
14873.02 0.6861891791185344
14880.0 0.686227062098674
14883.010000000002 0.6862339647492198
14890.0 0.6863641980684236
14893.0 0.6864036886597129
14900.0 0.686509065118691
14903.0 0.6865354851659533
14910.0 0.6866511068313038
14912.99 0.6866724837687247
14920.0 0.6868203988918091
14922.99 0.6868554760648936
14930.0 0.6867136634163888
14932.979999999998 0.6866231303217458
14940.0 0.6864031846702533
14942.970000000001 0.6862823161519896
14950.0 0.6861757852868197
14952.970000000001 0.6861029437506636
14960.0 0.6856276307425694
14962.960000000001 0.6854067504881731
14970.0 0.6851110085997338
14972.960000000001 0.6849728021670669
14980.0 0.6851066276632761
14982.95 0.6851533705665838
14990.0 0.684480561664989
14992.95 0.6842014194814923
15000.0 0.6840406719111638
15002.939999999999 0.6839749464246941
15010.0 0.6837356494049951
15012.929999999998 0.6836500448821898
15020.0 0.6832091514352677
15022.929999999998 0.6830493434346131
15030.0 0.6830548718047621
15032.920000000002 0.6830822005193438
15040.0 0.6830604818565196
15042.920000000002 0.6830811654993476
15050.0 0.6828945397526749
15052.910000000002 0.6828473941855915
15060.0 0.6829459270098207
15062.9 0.6830156897983612
15070.0 0.6827377289947245
15072.9 0.6826490920476013
15080.0 0.6832242457816616
15082.89 0.6834832572480651
15090.0 0.6837281217925644
15092.89 0.6838412218919904
15100.0 0.6837388893298555
15102.879999999997 0.6837063858938842
15110.0 0.6843089397355253
15112.87 0.6845518989361714
15120.0 0.6843488074327259
15122.87 0.684258004845799
15130.0 0.6846350226660312
15132.86 0.6847684011745703
15140.0 0.6853629483308868
15142.86 0.6855810253138415
15150.0 0.68535255825452
15152.85 0.6852345920537479
15160.0 0.6851539306655565
15162.85 0.6850928138622184
15170.0 0.6852026275108893
15172.839999999998 0.6852173767389019
15180.0 0.6851024254559934
15182.829999999998 0.6850282258088531
15190.0 0.6846752888589821
15192.829999999998 0.6845138869482206
15200.0 0.6841614907894484
15202.820000000002 0.6840074853449783
15210.0 0.6839683702240495
15212.820000000002 0.6839441384357242
15220.0 0.6836942579316017
15222.81 0.6835964511675299
15230.0 0.682800713175516
15232.8 0.682499686728545
15240.0 0.6825477265163266
15242.8 0.6825838492970813
15250.0 0.682254595645294
15252.79 0.6821510088265014
15260.0 0.6820287987032736
15262.79 0.6820098486750868
15270.0 0.6815716803499774
15272.779999999999 0.681433151544928
15280.0 0.681535500559447
15282.77 0.6816072270899112
15290.0 0.6815729903007192
15292.77 0.6815901567238409
15300.0 0.6815753981170113
15302.76 0.6815912948982682
15310.0 0.6812433159636397
15312.76 0.6811256367035328
15320.0 0.6813590963762582
15322.75 0.681454205901333
15330.0 0.6814812785138492
15332.75 0.6814872109149661
15340.0 0.6814872709747615
15342.739999999998 0.6814722985978183
15350.0 0.6820018894111842
15352.73 0.6821776733004629
15360.0 0.6820811973181946
15362.73 0.6820130243986382
15370.0 0.6813753459525097
15372.720000000001 0.6811028527597597
15380.0 0.6812203517601085
15382.720000000001 0.6812303702834068
15390.0 0.6813859365917392
15392.71 0.6814100497137989
15400.0 0.6805733808164065
15402.7 0.6802383861988281
15410.0 0.6795212523238945
15412.7 0.6792393055207981
15420.0 0.6787053369233448
15422.69 0.6785044393270224
15430.0 0.6784497835032377
15432.69 0.6784400590764892
15440.0 0.6779569195736688
15442.679999999998 0.677800654315996
15450.0 0.6770126464620912
15452.67 0.6767563998496932
15460.0 0.6766340491051808
15462.67 0.6766309359181949
15470.0 0.6761699922504135
15472.66 0.6760460633003322
15480.0 0.6757220829140568
15482.66 0.6756458871649449
15490.0 0.6761028300503278
15492.650000000001 0.6763027834627916
15500.0 0.6761533639025784
15502.650000000001 0.676125580712141
15510.0 0.6762905447683516
15512.64 0.6763497521114575
15520.0 0.6769757702750032
15522.63 0.6771811990782342
15530.0 0.6772644876234962
15532.63 0.6772554447905096
15540.0 0.6774119023177522
15542.620000000003 0.6774167684766544
15550.0 0.6776182055279799
15552.620000000003 0.6776348961152744
15560.0 0.677365166694042
15562.61 0.6772212450945332
15570.0 0.6769044005184999
15572.6 0.6767727892630039
15580.0 0.6763257824399748
15582.6 0.6761808334410473
15590.0 0.6762181521997933
15592.59 0.6762833507703643
15600.0 0.676341688009954
15602.59 0.6764504271459484
15610.0 0.6761660303521403
15612.579999999998 0.6761549181438787
15620.0 0.6764515012907211
15622.57 0.6765800866112195
15630.0 0.6775408063522977
15632.57 0.677721822390585
15640.0 0.6776504719260728
15642.560000000001 0.6771197428683354
15650.0 0.675618293846793
15652.560000000001 0.6739862838608062
15660.0 0.6693546261540727
15662.550000000001 0.6657698755211543
15670.0 0.6551084695616833
15672.550000000001 0.6483762656083258
15680.0 0.629141158752263
15682.539999999999 0.618533354743251
15690.0 0.5873717125891859
15692.529999999999 0.5724434876870205
15700.0 0.5279036454245745
15702.529999999999 0.5092882452840704
15710.0 0.45469369348575206
15712.520000000002 0.43461857974130513
15720.0 0.37500925625108356
15722.520000000002 0.35550207221347585
15730.0 0.29744946490512103
15732.51 0.28026308632432534
15740.0 0.22882119610895524
15742.5 0.2147435133996228
15750.0 0.17260511731264996
15752.5 0.16166128049075715
15760.0 0.12902631267479248
15762.49 0.12085246703889252
15770.0 0.09609087962400578
15772.49 0.09001160899172386
15780.0 0.07162114847221245
15782.479999999998 0.06716050736502516
15790.0 0.053619398013100644
15792.479999999998 0.05034531573769728
15800.0 0.040384885982939704
15802.470000000001 0.03797981273829413
15810.0 0.030689190386172096
15812.460000000001 0.028929253560056413
15820.0 0.02353996988815027
15822.460000000001 0.022232017052174015
15830.0 0.018205784112891588
15832.449999999999 0.01722474612143361
15840.0 0.014203052414470395
15842.449999999999 0.013461940893719404
15850.0 0.011178019819100559
15852.439999999999 0.010615429723442957
15860.0 0.008876690054481254
15862.43 0.008447241889095293
15870.0 0.007104224039271187
15872.43 0.006770210945032456
15880.0 0.005730778992549783
15882.420000000002 0.005471352702027378
15890.0 0.004654936342391625
15892.420000000002 0.004449844674616221
15900.0 0.003806829249812091
15902.41 0.003644810052091136
15910.0 0.003136867323615312
15912.4 0.0030086916114125577
15920.0 0.0026027405392413548
15922.4 0.002499739290799018
15930.0 0.00217222262823354
15932.39 0.0020889559494667786
15940.0 0.0018253235226941928
15942.39 0.0017579712086930397
15950.0 0.0015432616950304039
15952.379999999997 0.0014882942509714476
15960.0 0.0013120420345056562
15962.379999999997 0.00126677249493326
15970.0 0.0011210465720019628
15972.37 0.0010834963594069874
15980.0 0.0009630661855541457
15982.36 0.00093211206433824
15990.0 0.0008317703142009338
15992.36 0.0008058535599933605
16000.0 0.0007217332539078776
16002.349999999999 0.00070001152208686
16010.0 0.0006297999805325991
16012.349999999999 0.0006115997062452841
16020.0 0.0005525449436787879
16022.34 0.0005372458607367543
16030.0 0.000486497448709708
16032.33 0.0004733589166169651
16040.0 0.0004300172057042722
16042.33 0.00041876368387878244
16050.0 0.0003818672166339578
16052.320000000002 0.0003722997812042646
16060.0 0.00034089527848060015
16062.320000000002 0.0003327181431008071
16070.0 0.0003055666887736023
16072.31 0.00029851937429228355
16080.0 0.00027492499924979154
16082.3 0.0002688085789985662
16090.0 0.00024829289879855213
16092.3 0.00024294930385202666
16100.0 0.000225121807855164
16102.29 0.00022051635752735554
16110.0 0.00020500867180136653
16112.29 0.0002009591684998995
16120.0 0.00018741536212897592
16122.279999999999 0.00018391382236566166
16130.0 0.00017200017821888478
16132.279999999999 0.00016890653521605843
16140.0 0.0001584652520928282
16142.27 0.0001557587213830919
16150.0 0.00014647146023803056
16152.260000000002 0.00014406850243421851
16160.0 0.00013583225639862397
16162.260000000002 0.00013370963207545247
16170.0 0.0001264674753177423
16172.25 0.00012459675017987984
16180.0 0.00011811428888558219
16182.25 0.00011643579995371611
16190.0 0.00011065807192564727
16192.24 0.00010918879685978493
16200.0 0.00010417643513220827
16202.23 0.00010289078592751961
16210.0 9.835476540096236e-05
16212.23 9.71929278055837e-05
16220.0 9.319626441471443e-05
16222.220000000001 9.21912491174814e-05
16230.0 8.862995619497546e-05
16232.220000000001 8.770599954793859e-05
16240.0 8.446182233662634e-05
16242.21 8.366338586899533e-05
16250.0 8.084013394027668e-05
16252.2 8.011973227969552e-05
16260.0 7.752313411335426e-05
16262.2 7.688292380288224e-05
16270.0 7.470078096127324e-05
16272.19 7.416397157722406e-05
16280.0 7.22409614361424e-05
16282.19 7.177740259354967e-05
16290.0 7.014521611498535e-05
16292.179999999998 6.973458092832802e-05
16300.0 6.820570043607955e-05
16302.179999999998 6.785551901673636e-05
16310.0 6.660390804404217e-05
16312.170000000002 6.630157827567894e-05
16320.0 6.523670020861244e-05
16322.160000000002 6.498791790999136e-05
16330.0 6.401263985896797e-05
16332.160000000002 6.380431742874311e-05
16340.0 6.312740429184708e-05
16342.15 6.298669568106393e-05
16350.0 6.24812825893549e-05
16352.15 6.238764298482242e-05
16360.0 6.20680190863142e-05
16362.14 6.20255007493878e-05
16370.0 6.180213835915945e-05
16372.13 6.178646804106675e-05
16380.0 6.169832871319331e-05
16382.13 6.1718958189814e-05
16390.0 6.18961901730574e-05
16392.120000000003 6.200329310302771e-05
16400.0 6.234012377755037e-05
16402.120000000003 6.24602336040873e-05
16410.0 6.292024678291936e-05
16412.11 6.308790999270452e-05
16420.0 6.371670208842177e-05
16422.1 6.392803713208268e-05
16430.0 6.474122146172512e-05
16432.1 6.501651288920275e-05
16440.0 6.596779058476924e-05
16442.089999999997 6.627784791252973e-05
16450.0 6.753763677571544e-05
16452.089999999997 6.79147746177327e-05
16460.0 6.933964937477966e-05
16462.079999999998 6.9773159393814e-05
16470.0 7.136705257588602e-05
16472.079999999998 7.18584514221889e-05
16480.0 7.37806430671312e-05
16482.07 7.43414281751064e-05
16490.0 7.645617226913064e-05
16492.06 7.709268725482445e-05
16500.0 7.95526954383085e-05
16502.06 8.026003696279592e-05
16510.0 8.299934894876082e-05
16512.05 8.377923049626327e-05
16520.0 8.68733799771799e-05
16522.05 8.777219290886301e-05
16530.0 9.123962451143143e-05
16532.04 9.22313610807177e-05
16540.0 9.604023182172518e-05
16542.03 9.70963217452227e-05
16550.0 0.00010122801649041579
16552.03 0.00010239689419453638
16560.0 0.00010693591317679531
16562.020000000004 0.00010818238249073861
16570.0 0.00011321612418121525
16572.020000000004 0.00011460703149860824
16580.0 0.0001200567683533641
16582.010000000002 0.00012152751377209829
16590.0 0.0001273214598103971
16592.0 0.0001288701000855203
16600.0 0.00013533408113741325
16602.0 0.00013702410577295847
16610.0 0.00014347671644579111
16611.989999999998 0.000145136879546924
16620.0 0.00015183442621339107
16621.989999999998 0.0001535113207143334
16630.0 0.00016028567752180293
16631.98 0.00016195947346094004
16640.0 0.00016899716437138371
16641.98 0.0001706684548354721
16650.0 0.0001772040499320601
16651.97 0.00017871276334918622
16660.0 0.00018489737928270835
16661.960000000003 0.00018624164610589594
16670.0 0.00019168168544303005
16671.960000000003 0.0001927863995424984
16680.0 0.0001972277578695608
16681.95 0.0001980720522599727
16690.0 0.000201851741743625
16691.95 0.00020248080044432722
16700.0 0.00020491417082734806
16701.94 0.00020521325181140865
16710.0 0.00020652325878761676
16711.93 0.00020655120403380544
16720.0 0.00020662894859985414
16721.93 0.0002063906288618916
16730.0 0.00020532978147373755
16731.92 0.00020484770842585468
16740.0 0.0002028044686692515
16741.92 0.0002021424071220842
16750.0 0.00019935521790014096
16751.91 0.00019856299991850685
16760.0 0.00019523673309412227
16761.9 0.00019436169016509106
16770.0 0.00019064032103362737
16771.9 0.0001897273454765783
16780.0 0.00018580113384424765
16781.89 0.00018485877227753908
16790.0 0.00018105654426605193
16791.89 0.00018019471076080669
16800.0 0.00017644649646719553
16801.879999999997 0.00017560355754187812
16810.0 0.00017174334656735326
16811.879999999997 0.00017091681156056787
16820.0 0.0001673432530578223
16821.870000000003 0.00016658705946045438
16830.0 0.0001632870276128404
16831.86 0.00016261011010495658
16840.0 0.00015977564665226794
16841.86 0.0001592184877890398
16850.0 0.00015678907357686818
16851.85 0.0001563153182362666
16860.0 0.0001540300184705197
16861.85 0.00015360334628791947
16870.0 0.000151862174175999
16871.84 0.00015155862354243488
16880.0 0.00015046641503032923
16881.83 0.0001503114853690091
16890.0 0.00014931460903742534
16891.83 0.00014918190787645933
16900.0 0.00014861327965165247
16901.82 0.00014857655320005682
16910.0 0.00014852154673934708
16911.82 0.0001485977788923175
16920.0 0.00014897017436627772
16921.81 0.00014914348796797141
16930.0 0.000149804442716358
16931.8 0.0001500244369905186
16940.0 0.00015095420675230784
16941.8 0.0001512595698450226
16950.0 0.00015265153220759542
16951.789999999997 0.00015301806979196907
16960.0 0.0001550842855687231
16961.789999999997 0.00015562398664742912
16970.0 0.00015774496767522158
16971.78 0.00015827974837050076
16980.0 0.0001607591048319748
16981.78 0.00016137087018804687
16990.0 0.00016434348245683865
16991.77 0.00016504622249249398
17000.0 0.000168258559066853
17001.760000000002 0.00016899636810913622
17010.0 0.0001724389002543077
17011.760000000002 0.00017323758875534916
17020.0 0.00017702574713196397
17021.75 0.00017785382470866823
17030.0 0.00018161672559706635
17031.75 0.00018242809306924038
17040.0 0.00018632530686820656
17041.739999999998 0.00018715939597391344
17050.0 0.0001911520582921345
17051.729999999996 0.00019196396351735197
17060.0 0.00019565912680275955
17061.729999999996 0.0001963703479536192
17070.0 0.00019999945543875487
17071.72 0.00020070603645170427
17080.0 0.00020429171247959867
17081.72 0.00020492974685380603
17090.0 0.0002077397774374058
17091.71 0.0002082101935588467
17100.0 0.00021045324869053394
17101.7 0.0002107826057356797
17110.0 0.00021261881230489013
17111.7 0.00021283934105002537
17120.0 0.00021373770325649774
17121.69 0.00021376432640335174
17130.0 0.0002137402239396325
17131.69 0.00021358180219641258
17140.0 0.00021307626640820087
17141.68 0.0002128305321211146
17150.0 0.00021157329198432225
17151.68 0.00021116528050359193
17160.0 0.0002090306354883135
17161.670000000002 0.00020849629823373476
17170.0 0.00020604684303066566
17171.660000000003 0.00020546447455574272
17180.0 0.00020243947056443687
17181.660000000003 0.00020175376763226314
17190.0 0.00019810990427828742
17191.65 0.00019733262421642422
17200.0 0.00019345210723224665
17201.65 0.0001926727269647906
17210.0 0.00018896072395242368
17211.64 0.00018820776250166074
17220.0 0.0001844191381155356
17221.629999999997 0.00018368965767404726
17230.0 0.00017968121470573892
17231.629999999997 0.00017893672330711674
17240.0 0.00017518151384558924
17241.62 0.00017447627188081573
17250.0 0.0001708565459662948
17251.62 0.00017021385308398852
17260.0 0.0001668803264251811
17261.61 0.00016628526884091273
17270.0 0.0001631377971357776
17271.600000000002 0.00016260549895557043
17280.0 0.00015977102202766272
17281.600000000002 0.00015927531034159813
17290.0 0.00015695483546067902
17291.59 0.0001565948112719994
17300.0 0.0001544990643787284
17301.59 0.0001541590208939076
17310.0 0.00015218387995541736
17311.579999999998 0.0001518814712077531
17320.0 0.00015042219664199895
17321.579999999998 0.00015022532539419255
17330.0 0.00014919752163290929
17331.57 0.00014906259509203868
17340.0 0.00014848937782583908
17341.559999999998 0.00014844818435625872
17350.0 0.00014804364586953826
17351.559999999998 0.00014803641228084118
17360.0 0.00014799786842087948
17361.55 0.00014804569560461937
17370.0 0.00014826211465639045
17371.55 0.00014837985735401308
17380.0 0.00014902899961307157
17381.54 0.00014921147828882443
17390.0 0.00015038401721819387
17391.53 0.00015065169779012222
17400.0 0.0001520409797584266
17401.53 0.00015235710190374352
17410.0 0.00015412133209851298
17411.52 0.0001544931725861673
17420.0 0.00015653611336779018
17421.52 0.000156956285134599
17430.0 0.00015932186144127498
17431.510000000002 0.000159807528124097
17440.0 0.00016252386521386792
17441.5 0.0001630476663560402
17450.0 0.00016591345587016799
17451.5 0.0001664614920341053
17460.0 0.00016969562629617094
17461.489999999998 0.00017030507769016476
17470.0 0.00017363859340489062
17471.489999999998 0.00017425477115385734
17480.0 0.0001781123741301451
17481.48 0.00017879364401825686
17490.0 0.0001823846293560188
17491.48 0.000183019757567587
17500.0 0.0001868280644264341
17501.47 0.0001874674482477638
17510.0 0.00019107221850415105
17511.46 0.00019165758513505488
17520.0 0.0001952075715268242
17521.46 0.00019578333711705678
17530.0 0.0001990322370463841
17531.45 0.0001995217261533492
17540.0 0.00020242232600961308
17541.45 0.0002028510967461732
17550.0 0.00020526963667843591
17551.44 0.00020558467814748104
17560.0 0.00020764986448342827
17561.429999999997 0.0002079127129370289
17570.0 0.00020940958447426461
17571.429999999997 0.00020953783172835043
17580.0 0.0002103702042811649
17581.420000000002 0.00021040656977336914
17590.0 0.0002103787835169652
17591.420000000002 0.0002102627654838381
17600.0 0.0002098123309525471
17601.41 0.00020962776898286379
17610.0 0.0002085157806212661
17611.41 0.00020824375211029426
17620.0 0.0002065564905731798
17621.4 0.00020619163347504284
17630.0 0.00020388698426859492
17631.39 0.0002034363800643523
17640.0 0.00020063406232907443
17641.39 0.00020013089030910478
17650.0 0.00019721684721971257
17651.379999999997 0.00019671179001534296
17660.0 0.00019335268192374793
17661.379999999997 0.00019278405442009518
17670.0 0.00018921894964926713
17671.370000000003 0.0001886335872571949
17680.0 0.00018500332531488548
17681.36 0.00018444112901516612
17690.0 0.0001808666027324268
17691.36 0.00018031384824869126
17700.0 0.0001767922491285765
17701.35 0.000176260280662297
17710.0 0.00017295705899735602
17711.35 0.00017247206404785015
17720.0 0.00016923960855543156
17721.34 0.00016877582566823568
17730.0 0.00016569919927086522
17731.329999999998 0.00016526562571607972
17740.0 0.00016261376715010745
17741.329999999998 0.000162245332956546
17750.0 0.00015978902108266494
17751.32 0.00015947068412573186
17760.0 0.0001573554951537108
17761.32 0.00015706996072103907
17770.0 0.00015521273111474525
17771.31 0.00015497938222429184
17780.0 0.0001536099417112566
17781.31 0.0001534592959545323
17790.0 0.00015230001837633855
17791.300000000003 0.00015217107856435808
17800.0 0.00015127147681986874
17801.29 0.00015118520690260716
17810.0 0.00015057334842036999
17811.29 0.00015052677957166916
17820.0 0.00015025338582842041
17821.28 0.00015025880922362464
17830.0 0.0001502762737246623
17831.28 0.00015033327149756388
17840.0 0.00015079181996354961
17841.27 0.00015090275986812446
17850.0 0.00015153529361199827
17851.26 0.0001516711902083646
17860.0 0.00015276205991301124
17861.26 0.00015295430026290705
17870.0 0.0001543599995787447
17871.25 0.0001546141825929486
17880.0 0.00015631105983623226
17881.25 0.00015658909873241152
17890.0 0.00015843953400764913
17891.24 0.00015873496742613681
17900.0 0.0001609181723174059
17901.23 0.00016125118032265352
17910.0 0.00016373991444458707
17911.23 0.00016412423104283078
17920.0 0.00016677416845631252
17921.22 0.0001671672237963996
17930.0 0.0001697983684202062
17931.22 0.0001701812709822986
17940.0 0.00017302390352777323
17941.21 0.00017342370053607774
17950.0 0.00017637467142610596
17951.21 0.000176780676763493
17960.0 0.00017974216726802982
17961.199999999997 0.00018013798450951745
17970.0 0.00018309630783291643
17971.19 0.0001834798502900032
17980.0 0.00018604172349883172
17981.19 0.0001863533112581078
17990.0 0.00018891453093799045
17991.18 0.0001892249057101088
18000.0 0.00019179351557424803
18001.18 0.00019209564158876108
18010.0 0.00019394941099052602
18011.170000000002 0.00019414669071477652
18020.0 0.00019572510599534664
18021.16 0.0001958594261136175
18030.0 0.00019690726126925305
18031.16 0.00019697973657786203
18040.0 0.00019759698560923298
18041.15 0.00019759599399504134
18050.0 0.00019749150774326507
18051.15 0.0001974063170525652
18060.0 0.00019681698779066162
18061.14 0.00019667615348341994
18070.0 0.00019544743518762973
18071.129999999997 0.00019521257809644756
18080.0 0.00019334003288845722
18081.129999999997 0.00019305296060444574
18090.0 0.00019105243138220596
18091.120000000003 0.00019074528219625866
18100.0 0.00018820396544676234
18101.120000000003 0.00018783505434333996
18110.0 0.0001849147700672756
18111.11 0.00018452736792677163
18120.0 0.00018140741657158007
18121.11 0.00018100150132033602
18130.0 0.00017776976896006477
18131.1 0.00017735361579458115
18140.0 0.00017404862366990427
18141.09 0.0001736443437036402
18150.0 0.00017048140500920087
18151.09 0.00017009287662898758
18160.0 0.00016641233741860893
18161.079999999998 0.00016598268688030246
18170.0 0.00016271596957611475
18171.079999999998 0.00016234280885526946
18180.0 0.00015915825614092497
18181.070000000003 0.000158798672502343
18190.0 0.00015600057998447014
18191.06 0.0001556901655353079
18200.0 0.00015283552967737673
18201.06 0.00015253488771067207
18210.0 0.00015044776824209733
18211.05 0.00015022461191510067
18220.0 0.0001479913729493652
18221.05 0.00014776587274407664
18230.0 0.0001457098227268525
18231.04 0.0001455072695281538
18240.0 0.00014367491556544916
18241.03 0.00014349397467235646
18250.0 0.00014232397899998535
18251.03 0.00014222600708959946
18260.0 0.00014118217423278513
18261.02 0.0001410989573611988
18270.0 0.00014036706136284636
18271.02 0.00014031942158961497
18280.0 0.00013965591387016208
18281.010000000002 0.00013961725238623716
18290.0 0.00013949634155146674
18291.010000000002 0.0001395178589903281
18300.0 0.00013974643737178064
18301.0 0.00013980740882288693
18310.0 0.00014045112582408456
18310.989999999998 0.0001405572174194507
18320.0 0.00014136954444643796
18320.989999999998 0.00014150012952133563
18330.0 0.00014287197391572238
18330.98 0.00014305626399366717
18340.0 0.00014454351272717201
18340.98 0.00014473311097543527
18350.0 0.00014636501636101104
18350.97 0.00014658752808172852
18360.0 0.00014871125981143007
18360.96 0.00014896429600904032
18370.0 0.0001518854657324072
18370.96 0.0001522307468924326
18380.0 0.00015498832449524974
18380.95 0.00015531773002614555
18390.0 0.00015870418167083128
18390.95 0.00015908664013040806
18400.0 0.0001622624300607156
18400.940000000002 0.0001626178098615733
18410.0 0.00016648681345087998
18410.93 0.00016691753949401634
18420.0 0.00017113144187223377
18420.93 0.00017158420315920763
18430.0 0.0001757654167563802
18430.920000000002 0.00017620864858249448
18440.0 0.0001801886263300495
18440.920000000002 0.0001805970507484296
18450.0 0.00018521734280313923
18450.91 0.00018568710292454784
18460.0 0.00019011934814983425
18460.91 0.00019055640286625718
18470.0 0.00019494882981249185
18470.899999999998 0.0001953702629448233
18480.0 0.00020006312285465047
18480.89 0.00020049806692136604
18490.0 0.00020469713194870735
18490.89 0.0002050758116093204
18500.0 0.00020895494471987483
18500.88 0.00020927720610970925
18510.0 0.0002123338641686393
18510.88 0.0002125664171580003
18520.0 0.00021531272943619856
18520.870000000003 0.00021551957187701472
18530.0 0.00021752775802982908
18530.86 0.0002176375831197085
18540.0 0.0002185696390753143
18540.86 0.00021859064274689266
18550.0 0.0002194544332972054
18550.85 0.00021945645565619266
18560.0 0.00021858676420857362
18560.85 0.00021842853295706878
18570.0 0.00021746202423696874
18570.839999999997 0.00021730754612288533
18580.0 0.00021529924403477087
18580.829999999998 0.00021505319844142797
18590.0 0.00021255318231181504
18590.829999999998 0.00021227991225066103
18600.0 0.0002091430760311979
18600.82 0.00020881567015829808
18610.0 0.00020516068194976835
18610.82 0.00020480060828745967
18620.0 0.00020088494169473757
18620.81 0.00020052106457199578
18630.0 0.00019613690383155102
18630.81 0.00019573451836204467
18640.0 0.0001914722094572447
18640.8 0.00019109465048455836
18650.0 0.00018670519572302593
18650.79 0.0001863341607432958
18660.0 0.00018149185363585668
18660.79 0.0001810878107138721
18670.0 0.00017633378961522244
18670.78 0.00017594360598955809
18680.0 0.00017229663988811011
18680.78 0.0001720032576447631
18690.0 0.00016786546603311342
18690.770000000004 0.00016754759195820306
18700.0 0.00016383926612444544
18700.760000000002 0.00016354987560251693
18710.0 0.00016037506194121676
18710.760000000002 0.00016014570113879166
18720.0 0.00015712960643625076
18720.75 0.00015690616010227224
18730.0 0.0001539488061278086
18730.75 0.00015374054532324083
18740.0 0.000151360397782484
18740.739999999998 0.0001511910877410777
18750.0 0.00014888389676660273
18750.73 0.00014873262642331952
18760.0 0.00014688220848895059
18760.73 0.0001467624789348341
18770.0 0.0001454830431877006
18770.72 0.00014540856238188867
18780.0 0.00014413197701885203
18780.72 0.00014405858867362013
18790.0 0.0001432275323732551
18790.710000000003 0.00014319354443390154
18800.0 0.00014266028019995533
18800.710000000003 0.0001426398020707985
18810.0 0.00014263994839742517
18810.7 0.0001426691133843295
18820.0 0.00014283178839843383
18820.69 0.00014286832209268538
18830.0 0.0001432926786008447
18830.69 0.00014334799799933473
18840.0 0.00014433194542408026
18840.68 0.00014442744010748938
18850.0 0.00014589023566553442
18850.68 0.00014602127331235764
18860.0 0.000147531237146463
18860.67 0.00014766302204901124
18870.0 0.00014926942897690353
18870.66 0.00014941077007541098
18880.0 0.00015185542803554974
18880.66 0.000152046696359571
18890.0 0.0001543661841134962
18890.65 0.0001545498674353263
18900.0 0.00015736604699224195
18900.65 0.00015757978284747863
18910.0 0.00016115459180256154
18910.64 0.00016142217419113118
18920.0 0.00016511673305996834
18920.629999999997 0.00016538379451619284
18930.0 0.0001686398474887241
18930.629999999997 0.00016887502102977989
18940.0 0.00017265958519814366
18940.620000000003 0.00017291877094471823
18950.0 0.00017709441992864406
18950.620000000003 0.00017737864955169686
18960.0 0.00018184730021681396
18960.61 0.00018214722448890364
18970.0 0.00018646350965650013
18970.61 0.00018673909355229815
18980.0 0.000191009729047287
18980.6 0.0001912779272423165
18990.0 0.00019537253189556104
18990.59 0.0001956170487236795
19000.0 0.00019995873614666348
19000.59 0.0002002189726724511
19010.0 0.0002037985083704715
19010.58 0.00020398974507745325
19020.0 0.0002077742660204471
19020.58 0.00020797949451135058
19030.0 0.0002106397845591664
19030.57 0.00021076095636944354
19040.0 0.0002129991916311765
19040.56 0.0002130962475469619
19050.0 0.00021473283439148394
19050.56 0.0002147871653406021
19060.0 0.0002164348501058429
19060.55 0.00021648424059285954
19070.0 0.0002167513858671038
19070.55 0.00021672479906904672
19080.0 0.0002160993245123841
19080.539999999997 0.0002160184694226454
19090.0 0.00021418603771525708
19090.53 0.00021404223218392276
19100.0 0.00021200562718027606
19100.53 0.00021185846170971933
19110.0 0.0002091751778116012
19110.52 0.0002089953081467111
19120.0 0.0002055441202840569
19120.52 0.0002053296916399833
19130.0 0.00020179344825848518
19130.510000000002 0.00020158526138166726
19140.0 0.00019787427250488434
19140.510000000002 0.00019765980172991711
19150.0 0.000193457329839716
19150.5 0.00019322912949299416
19160.0 0.00018832969017517555
19160.489999999998 0.00018807371732728665
19170.0 0.00018329558370667513
19170.489999999998 0.00018305005871603353
19180.0 0.00017881462038470898
19180.479999999996 0.00017860338643612992
19190.0 0.0001739509085285724
19190.479999999996 0.00017372691566101912
19200.0 0.0001693324206864002
19200.47 0.00016912539436656163
19210.0 0.00016537325084180757
19210.46 0.00016520167114015793
19220.0 0.00016126779961630276
19220.46 0.00016109096373800774
19230.0 0.0001573439654050318
19230.45 0.00015718334818327472
19240.0 0.0001541813531107731
19240.45 0.00015405213212403823
19250.0 0.0001508732907143254
19250.44 0.00015073922518660693
19260.0 0.00014766499409133249
19260.44 0.00014754246412465233
19270.0 0.00014553037843353383
19270.43 0.00014545159408449004
19280.0 0.00014354987021321874
19280.420000000002 0.00014348060258468357
19290.0 0.0001416990373680205
19290.420000000002 0.0001416359121964767
19300.0 0.00014014109749690536
19300.410000000003 0.00014009144930282144
19310.0 0.00013888661510804762
19310.410000000003 0.00013884657249207505
19320.0 0.00013789513345575076
19320.4 0.00013787219540135968
19330.0 0.00013741013570871963
19330.39 0.0001374025335102017
19340.0 0.00013728189600747834
19340.39 0.00013729028049608207
19350.0 0.00013747833271954952
19350.379999999997 0.0001374990083796734
19360.0 0.00013810364049860109
19360.379999999997 0.0001381407886811293
19370.0 0.00013894646285800475
19370.37 0.00013899263386158545
19380.0 0.00014010024870232497
19380.36 0.00014015192173154513
19390.0 0.00014164546441537693
19390.36 0.00014171321346668326
19400.0 0.00014367116597906778
19400.350000000002 0.0001437547863649218
19410.0 0.00014584659973324368
19410.350000000002 0.0001459343434369959
19420.0 0.0001484006694426948
19420.34 0.0001485017528747211
19430.0 0.00015141093847824075
19430.34 0.000151525173935263
19440.0 0.00015472293740115752
19440.329999999998 0.0001548433769914017
19450.0 0.000158414740494969
19450.32 0.00015854381360992366
19460.0 0.00016241610609653303
19460.32 0.0001625552234934013
19470.0 0.00016700893496370684
19470.309999999998 0.00016716038238596254
19480.0 0.00017182364274063482
19480.309999999998 0.00017198352105861282
19490.0 0.00017683589322496255
19490.3 0.00017699425356911038
19500.0 0.0001818956141235699
19500.29 0.00018204570190168481
19510.0 0.0001872455745070484
19510.29 0.00018740486744434233
19520.0 0.00019273089227976538
19520.28 0.00019288810619432092
19530.0 0.00019831773060392541
19530.28 0.00019847211713446442
19540.0 0.00020400188441951163
19540.27 0.00020415158211755462
19550.0 0.00020962477877799876
19550.260000000002 0.0002097657066931579
19560.0 0.00021475784472288638
19560.260000000002 0.00021488015911375112
19570.0 0.0002196918124476892
19570.25 0.00021980318069552557
19580.0 0.00022409511793339043
19580.25 0.00022418777222447356
19590.0 0.00022754243125478523
19590.239999999998 0.0002276098883404801
19600.0 0.0002305358950720474
19600.239999999998 0.00023058611991778172
19610.0 0.0002325627720825183
19610.23 0.00023258728422796636
19620.0 0.00023366426220982467
19620.22 0.00023367014259936217
19630.0 0.0002340105628997657
19630.22 0.0002339954331785322
19640.0 0.000233564165028273
19640.21 0.00023353603497797002
19650.0 0.00023216697000368915
19650.21 0.00023212032928112105
19660.0 0.00022954829423628396
19660.2 0.00022947922909716313
19670.0 0.0002261488633320625
19670.19 0.00022607242975024053
19680.0 0.00022227734403667241
19680.19 0.00022219354834157408
19690.0 0.00021782629740702008
19690.179999999997 0.00021773879593560498
19700.0 0.000213136560055106
19700.179999999997 0.0002130460113367078
19710.0 0.00020800980644459399
19710.170000000002 0.00020792036351226505
19720.0 0.00020269106175634116
19720.16 0.00020260483508665548
19730.0 0.00019731314166299377
19730.16 0.00019722722072466442
19740.0 0.00019203028677601625
19740.15 0.00019195207257138232
19750.0 0.0001866004104451132
19750.15 0.00018652221825867077
19760.0 0.0001813238808812831
19760.14 0.00018125288567212718
19770.0 0.00017631577196154216
19770.14 0.00017624961459866017
19780.0 0.00017184931234276132
19780.129999999997 0.00017179486793276243
19790.0 0.000167560361569324
19790.120000000003 0.0001675122090791343
19800.0 0.00016371403975546004
19800.120000000003 0.0001636719367027559
19810.0 0.0001598672701348302
19810.11 0.00015982877593933683
19820.0 0.0001564400755225855
19820.11 0.0001564062290372001
19830.0 0.00015351491926270228
19830.1 0.00015348907208194884
19840.0 0.00015074724356695985
19840.09 0.00015072539549395837
19850.0 0.00014846624338600887
19850.09 0.00014844885184910793
19860.0 0.0001465685202064666
19860.079999999998 0.00014655556059950007
19870.0 0.00014482267119481453
19870.079999999998 0.00014481191857630205
19880.0 0.00014349456841704505
19880.07 0.00014348727758449324
19890.0 0.00014248806850064057
19890.06 0.00014248402622889185
19900.0 0.00014191571132467874
19900.06 0.00014191432120409575
19910.0 0.00014166867164265866
19910.050000000003 0.00014166882906269007
19920.0 0.0001414670470846502
19920.050000000003 0.00014146734890724757
19930.0 0.0001414815759679545
19930.04 0.00014148330134404922
19940.0 0.00014236994795209363
19940.04 0.00014237456645595074
19950.0 0.00014327159145828284
19950.03 0.0001432751067445829
19960.0 0.00014433837173694075
19960.02 0.00014434118430258017
19970.0 0.0001458832572975005
19970.02 0.00014588687510574028
19980.0 0.00014765293607598136
19980.01 0.00014765497680054433
19990.0 0.00014962594120911956
19990.01 0.00014962825392987226
20000.0 0.00015199048561721038
20010.0 0.00015464207166274413
20020.0 0.00015756500169755532
20030.0 0.00016075160041060328
20040.0 0.00016420967343468214
20050.0 0.00016786186307616847
20060.0 0.00017164627254085142
20070.0 0.00017562488261721929
20080.0 0.00017973578649427098
20090.0 0.00018383960877398328
20100.0 0.00018801380241904145
20110.0 0.00019204923947960993
20120.0 0.00019600786002907763
20130.0 0.00019970370865515766
20140.0 0.0002031212255080521
20150.0 0.00020612861651848064
20160.0 0.000208656038925113
20170.0 0.0002107033762022417
20180.0 0.00021215425441609194
20190.0 0.00021292326650570992
20200.0 0.00021301799878678285
20210.0 0.00021250805905768274
20220.0 0.00021132352366589775
20230.0 0.00020947198265477865
20240.0 0.0002071548849036917
20250.0 0.00020429456877274707
20260.0 0.0002009684576860249
20270.0 0.00019731604920380442
20280.0 0.00019346137248994703
20290.0 0.00018935007690486442
20300.0 0.0001851760507203313
20310.0 0.00018093927885687045
20320.0 0.00017677165379761947
20330.0 0.0001726731924355821
20340.0 0.00016864391166490088
20350.0 0.00016482352906943172
20360.0 0.00016119657185161208
20370.0 0.0001577708494112579
20380.0 0.00015461627790334828
20390.0 0.00015166305022506108
20400.0 0.0001490432081032973
20410.0 0.0001466248289122901
20420.0 0.0001444778513977599
20430.0 0.00014267223688654992
20440.0 0.00014113816700995463
20450.0 0.00013986794018915045
20460.0 0.00013885385234084196
20470.0 0.0001381115029018404
20480.0 0.00013763318842468144
20490.0 0.00013748113232254838
20500.0 0.00013759324917810847
20510.0 0.00013793713469504313
20520.0 0.00013862270486452683
20530.0 0.00013950222897519442
20540.0 0.00014070763464461708
20550.0 0.00014223877043291328
20560.0 0.00014396350798340338
20570.0 0.00014602147573117955
20580.0 0.00014838923575404892
20590.0 0.00015095800738219257
20600.0 0.00015385183342245763
20610.0 0.00015699298897024698
20620.0 0.00016033482173146492
20630.0 0.00016393152237843928
20640.0 0.00016778297179560585
20650.0 0.00017175725787826218
20660.0 0.00017585432280953738
20670.0 0.00018001210778190822
20680.0 0.0001842228349072961
20690.0 0.00018835476762011486
20700.0 0.00019242343492333007
20710.0 0.00019621199683223927
20720.0 0.0001997360713681259
20730.0 0.0002028022084663104
20740.0 0.000205402879259313
20750.0 0.00020742219270784796
20760.0 0.00020879076576765392
20770.0 0.00020937735398472
20780.0 0.00020925195392491525
20790.0 0.0002082911266828767
20800.0 0.00020649526215484515
20810.0 0.00020398848277387342
20820.0 0.0002007788528309567
20830.0 0.00019693627882962623
20840.0 0.00019252289430834294
20850.0 0.00018766262205101766
20860.0 0.0001824870350921277
20870.0 0.00017699628162807168
20880.0 0.00017138363124452258
20890.0 0.0001657109310801363
20900.0 0.000160055434644522
20910.0 0.00015447118355787736
20920.0 0.0001489658654910225
20930.0 0.0001436629458102212
20940.0 0.0001386317893917113
20950.0 0.00013373337424952186
20960.0 0.00012916051961860394
20970.0 0.000124789649588665
20980.0 0.00012068237281836619
20990.0 0.00011689254780016591
21000.0 0.00011330437041790647
21500.0 -0.0
22000.0 -0.0
22500.0 -0.0
23000.0 -0.0
23500.0 -0.0
24000.0 -0.0
24500.0 -0.0
25000.0 -0.0
25500.0 -0.0
