2000.0 0.0
2093.94 0.0
2187.8799999999997 0.0
2281.82 0.0
2375.7599999999998 0.0
2469.7 0.0
2563.6400000000003 0.0
2657.58 0.0
2751.52 0.0
2845.4500000000003 0.0
2939.3900000000003 0.0
3000.0 0.0
3009.9900000000002 0.0
3019.9900000000002 0.0
3029.98 0.0
3033.33 0.0
3039.98 0.0
3049.9700000000003 0.0
3059.96 0.0
3069.96 0.0
3079.95 0.0
3089.95 0.0
3099.9400000000005 0.0
3109.9400000000005 0.0
3119.93 0.0
3127.2700000000004 0.0
3129.92 0.0
3139.92 0.0
3149.91 0.0
3159.91 0.0
3169.9 1.794711667600596e-11
3179.8900000000003 2.7455180155886743e-11
3189.8900000000003 4.5690072891590397e-11
3199.88 5.641903809287843e-11
3209.88 2.2498404165690867e-10
3219.8700000000003 9.69784257157335e-10
3221.21 1.2618163217066593e-09
3229.8599999999997 3.1878341560666367e-09
3239.8599999999997 2.0800613356174143e-08
3249.8500000000004 1.0671744941526516e-07
3259.8500000000004 3.697084398360658e-07
3269.84 1.7270112619927625e-06
3279.84 6.615346720269324e-06
3289.83 1.8326420727059833e-05
3299.8199999999997 5.2205066041430705e-05
3309.8199999999997 7.823792784123909e-05
3315.1499999999996 0.00010146676127647562
3319.81 0.00012241841739697685
3329.81 0.00017290697869591664
3339.8 0.00021833166085548245
3349.7900000000004 0.0002622001473513139
3359.7900000000004 0.00024812676468847377
3369.78 0.00022536736908414744
3379.78 0.0002222501712378668
3389.7699999999995 0.00019524624535272706
3399.76 0.00017452763288022574
3409.09 0.00014453745610720024
3409.76 0.00014238138785287418
3419.75 0.00011140038570677023
3429.75 6.939560370182666e-05
3439.74 3.8551952395893084e-05
3449.74 3.395449759860971e-05
3459.73 7.731674415504359e-05
3469.72 0.00019664314648374894
3479.72 0.0003347290636874213
3489.71 0.0005382099737409192
3499.71 0.0006526717478561202
3503.0300000000007 0.0006773684430096931
3509.7000000000003 0.0007290496316907139
3519.69 0.0007820687820181812
3529.69 0.0007653642811337659
3539.6800000000003 0.000663422188585325
3549.6800000000003 0.0006008771376887017
3559.67 0.000709573212227273
3569.66 0.0009035477818277275
3579.66 0.0008337184166226628
3589.6499999999996 0.000962120557713377
3596.9699999999993 0.0012105561588273907
3599.6499999999996 0.0013036146319117996
3609.64 0.0009327221474886893
3619.64 0.0004208613964669324
3629.63 0.00035892338436056663
3639.62 0.000904441777569034
3649.62 0.0012006999293435177
3659.61 0.0010397650505473458
3669.61 0.0008988035938212013
3679.6 0.0009641860388936259
3689.59 0.0010432371585989233
3690.91 0.0010480215061822796
3699.59 0.0010806339838864833
3709.5800000000004 0.0010588523084329843
3719.5800000000004 0.0011140642666959747
3729.5699999999997 0.001115609273647153
3739.5599999999995 0.0008851981944851705
3749.5599999999995 0.0007114417596564064
3759.5499999999997 0.0005226909640197887
3769.5499999999997 0.00035156171367124516
3779.54 0.0005873483314643832
3784.8500000000004 0.0006742075396820461
3789.54 0.0007521343039344257
3799.53 0.000672974302137083
3809.52 0.000564510475926174
3819.52 0.00044803350008509884
3829.5099999999998 0.00040542643183540957
3839.5099999999998 0.0004217805821476004
3849.5 0.00043215449128431333
3859.4900000000002 0.00041586467582024704
3869.4900000000002 0.0004007041387549714
3878.79 0.00031544479018318794
3879.4800000000005 0.0003090288123354484
3889.4800000000005 0.0002035087407709603
3899.4699999999993 0.0001000141849419203
3909.4699999999993 7.109872920804763e-05
3919.4599999999996 7.341413352965718e-05
3929.45 3.962156221456246e-05
3939.45 2.4343865409482632e-05
3949.44 2.922566134268681e-05
3959.44 2.430155493259526e-05
3969.4300000000003 2.2811004352880553e-05
3972.7300000000005 2.940845261177257e-05
3979.4199999999996 4.29289789486012e-05
3989.4199999999996 5.29960856109282e-05
3999.41 4.624886885375344e-05
4009.41 4.137408417597614e-05
4019.4 3.577463809537769e-05
4029.3900000000003 2.884441687175602e-05
4039.3900000000003 3.7336679858449664e-05
4049.3800000000006 5.4231431019299594e-05
4059.3800000000006 5.7720714737992386e-05
4066.6699999999996 5.048734638810823e-05
4069.3699999999994 4.777353815749626e-05
4079.3699999999994 3.694162953967893e-05
4089.3599999999997 3.052676462802001e-05
4099.35 2.6763693327461802e-05
4109.35 2.763104506503515e-05
4119.34 3.188986338808262e-05
4129.34 2.7158771114622964e-05
4139.330000000001 1.7503891583308516e-05
4149.32 1.9295331492647863e-05
4159.32 4.046119898591612e-05
4160.61 4.2988321169369354e-05
4169.3099999999995 6.01631821057377e-05
4179.3099999999995 5.195281142213114e-05
4189.3 3.775450583323772e-05
4199.29 5.386887936885246e-05
4209.29 6.83299092880775e-05
4219.280000000001 5.086991623166918e-05
4229.280000000001 6.063938518692253e-05
4239.2699999999995 0.00016550544299105804
4249.2699999999995 0.0002914404738786884
4254.55 0.00029363374902162165
4259.26 0.0002955471900687481
4269.25 0.00020035798314907376
4279.25 0.00010718579087793035
4289.240000000001 0.00010010763756419677
4299.240000000001 0.000205997622038566
4309.23 0.00040654779518647374
4319.219999999999 0.0005935171870305009
4329.219999999999 0.0005873975514600762
4339.21 0.0004340616949036249
4348.4800000000005 0.0003075034924772938
4349.21 0.00029745697582915146
4359.2 0.00031430885110659976
4369.1900000000005 0.0005192427300156482
4379.1900000000005 0.0008806466451993826
4389.18 0.0013129975729067914
4399.18 0.0016464969783653396
4409.17 0.0016548168175299922
4419.17 0.0014834740102890886
4429.16 0.0014199683952465293
4439.150000000001 0.0015324815691216526
4442.42 0.0015550055343908971
4449.150000000001 0.0016012878912981747
4459.139999999999 0.0015515495973573764
4469.139999999999 0.002073419892670342
4479.13 0.003724787623568406
4489.12 0.005383811004145677
4499.12 0.004845198749520938
4509.11 0.002605445735538375
4519.11 0.0013511012725095006
4529.1 0.00227721249762623
4536.36 0.003210199439345278
4539.09 0.0035627441675502246
4549.09 0.0037595011033693753
4559.08 0.002786837536182298
4569.08 0.0017886755936556103
4579.07 0.0017772635668059935
4589.07 0.0019874907611329364
4599.06 0.0017099363582728342
4609.049999999999 0.0010859728734599213
4619.049999999999 0.0007369530337433894
4629.04 0.0008554325042768259
4630.299999999999 0.0008857486136283837
4639.04 0.0010968356964285548
4649.030000000001 0.001103793792456328
4659.0199999999995 0.001114051806548218
4669.0199999999995 0.0015468988661616859
4679.01 0.0023804675290136695
4689.01 0.0028732961231860265
4699.0 0.0024724893551368535
4708.99 0.0017045551531492855
4718.99 0.00133424821442719
4724.240000000001 0.001474030509804699
4728.9800000000005 0.001600605318349159
4738.9800000000005 0.0020854967320468386
4748.97 0.002251694140992407
4758.97 0.002005240898545291
4768.959999999999 0.001815727119101332
4778.95 0.0021874964362505298
4788.95 0.003136224233313249
4798.9400000000005 0.0042053686407283524
4808.9400000000005 0.00472749607453082
4818.18 0.004312448798757659
4818.93 0.004278529371484314
4828.92 0.0033897126111921013
4838.92 0.0023886789362618185
4848.91 0.0015570743160011548
4858.91 0.0013696468484176827
4868.9 0.0021333210222357524
4878.89 0.0039339139854781
4888.89 0.005722199926834897
4898.88 0.006258399848982117
4908.88 0.005180585366088824
4912.12 0.004635817213307003
4918.869999999999 0.003495870627758922
4928.869999999999 0.002567832909328921
4938.86 0.0031427599301496125
4948.85 0.005076019193405307
4958.85 0.007898200357246346
4968.84 0.010777821711875666
4978.84 0.013057680923930726
4988.83 0.014524268490166218
4998.82 0.015080921480900483
5006.0599999999995 0.014827136734693129
5008.82 0.014729021082841354
5018.8099999999995 0.013545171660460794
5028.8099999999995 0.012019791494181753
5038.8 0.010314371747232022
5048.79 0.008724504541729081
5058.79 0.007336374398839596
5068.780000000001 0.006357055301643936
5078.780000000001 0.00622579378464822
5088.7699999999995 0.007082791793939183
5098.7699999999995 0.008309343090382382
5100.0 0.008393308553650477
5108.76 0.008991291518502106
5118.75 0.008938723858391978
5128.75 0.008733761491510714
5138.74 0.009338763269811355
5148.74 0.010565960638193558
5158.7300000000005 0.01137122311167541
5168.719999999999 0.01108555039374707
5178.719999999999 0.010252817819742386
5188.71 0.010696347570889811
5193.9400000000005 0.011892213099485207
5198.71 0.012984508309411282
5208.7 0.01602369138931049
5218.6900000000005 0.017362678365017915
5228.6900000000005 0.01637038918222922
5238.68 0.014418365768740385
5248.68 0.01390880277416824
5258.67 0.015922261801647228
5268.67 0.018804941697955713
5278.66 0.020783046039220272
5287.88 0.02128407037145788
5288.65 0.02132563389081738
5298.65 0.02122332896686788
5308.64 0.020420521927725994
5318.64 0.017721967405065313
5328.630000000001 0.012936532312018653
5338.62 0.009001941763818236
5348.62 0.007832919866522976
5358.61 0.008586995176075151
5368.61 0.0125334359527656
5378.6 0.028252380700575997
5381.82 0.036176707641501375
5388.59 0.052867273810630576
5398.59 0.09500353652521176
5408.580000000001 0.25418804951040347
5418.580000000001 0.5006615760757084
5428.57 0.625522622492146
5438.57 0.657657298327904
5448.5599999999995 0.6657543029957909
5458.55 0.6696306852291891
5468.55 0.6714198879254754
5475.76 0.6727630394393678
5478.540000000001 0.6732416586251562
5488.540000000001 0.6745116267549953
5498.530000000001 0.6758724929533667
5508.5199999999995 0.6773073184616408
5518.5199999999995 0.6791775934208387
5528.51 0.6802964988853297
5538.51 0.6820292106470822
5548.5 0.6834731473063681
5558.5 0.6845091031510238
5568.490000000001 0.6854576126395253
5569.700000000001 0.6856735385664919
5578.4800000000005 0.6871198225985123
5588.4800000000005 0.6882766040492905
5598.469999999999 0.6892786545860956
5608.469999999999 0.6903004728679578
5618.46 0.6918187706223337
5628.450000000001 0.6928220894146363
5638.450000000001 0.6933667164686017
5648.4400000000005 0.6945992377939492
5658.4400000000005 0.6959847253675977
5663.64 0.696414509100784
5668.43 0.6967465172778468
5678.42 0.6973636347620128
5688.42 0.6983179239054865
5698.41 0.699018137531402
5708.41 0.7006116854628965
5718.400000000001 0.7014797890372041
5728.400000000001 0.702575387551601
5738.39 0.7033343798264596
5748.380000000001 0.7041565354498996
5757.58 0.7050787035356639
5758.380000000001 0.7051496051295308
5768.37 0.7053986878645435
5778.37 0.7065803546000491
5788.360000000001 0.7074905155849981
5798.35 0.7082026694426466
5808.35 0.708675023680914
5818.34 0.709917830768866
5828.34 0.710433075510014
5838.330000000001 0.7110167106596944
5848.32 0.7125579566939394
5851.509999999999 0.7127156174362107
5858.32 0.7129739360219827
5868.31 0.7134105835114787
5878.31 0.7142991831078721
5888.3 0.7140488774836564
5898.3 0.7143323758946635
5908.290000000001 0.7155727965535574
5918.28 0.7163827916097689
5928.28 0.7169121654920696
5938.27 0.7180040170206241
5945.45 0.7184738973089888
5948.27 0.718629909575304
5958.26 0.7188173400232137
5968.25 0.7195039948844277
5978.25 0.7198508257369861
5988.240000000001 0.7202898061461036
5998.240000000001 0.7207531590435872
6008.23 0.7216140901320811
6018.22 0.7218675452391857
6028.22 0.7220008247210351
6038.21 0.7226807009207467
6039.389999999999 0.722766546016219
6048.21 0.7233246636314029
6058.200000000001 0.7232166016378538
6068.200000000001 0.7242785868855431
6078.19 0.7242648267686651
6088.18 0.7236730615820354
6098.18 0.7236746385663122
6108.17 0.724281551946024
6118.17 0.7245167706753503
6128.16 0.724687115379685
6133.330000000001 0.7248801242864101
6138.150000000001 0.7250212429582296
6148.150000000001 0.72518162359875
6158.139999999999 0.7254907889279869
6168.139999999999 0.7254532341616445
6178.13 0.7253953944051713
6188.12 0.7259408706515216
6198.12 0.7257118648364249
6208.110000000001 0.7256696337948688
6218.110000000001 0.7259830086534749
6227.2699999999995 0.7263687216649277
6228.099999999999 0.726397378141242
6238.099999999999 0.7268844819701876
6248.09 0.7266638921681913
6258.08 0.7273411784316108
6268.08 0.7271598439873538
6278.07 0.727683136927518
6288.07 0.7278820274972297
6298.06 0.7269073388705737
6308.049999999999 0.7267770863488782
6318.049999999999 0.7270941875347975
6321.21 0.7272129167282895
6328.04 0.7274262378020276
6338.04 0.7276487377771526
6348.03 0.7272452009243744
6358.02 0.727438019376437
6368.02 0.7277012635273381
6378.009999999999 0.727837984108268
6388.009999999999 0.7285372237355966
6398.0 0.7290852268192589
6408.0 0.7293627755180814
6415.15 0.7285035426674182
6417.99 0.728146093200245
6427.98 0.7275158282792356
6437.98 0.7277394818473536
6447.97 0.7273585539322546
6457.97 0.728053733111667
6467.959999999999 0.7284119740604327
6477.95 0.7278115369557019
6487.95 0.7271343016286946
6497.94 0.7272294966970956
6507.94 0.7283355829360708
6509.09 0.7283460048160925
6517.93 0.7283802511850099
6527.919999999999 0.7280239037592928
6537.919999999999 0.7272901399077614
6547.91 0.7268797335645927
6557.910000000001 0.7265720377603312
6567.9 0.727514741291494
6577.9 0.727132973129062
6587.889999999999 0.7268573350287828
6597.88 0.7271052702952394
6603.03 0.7269309885105262
6607.88 0.7267409314431292
6617.869999999999 0.727178748962478
6627.869999999999 0.7265088221854872
6637.860000000001 0.7267642431066177
6647.849999999999 0.7256614545749434
6657.849999999999 0.725338906940077
6667.84 0.7258099191981126
6677.84 0.7258469171597397
6687.83 0.7262979753077111
6696.97 0.7257005589739564
6697.82 0.7256401781494141
6707.82 0.7252535887103725
6717.81 0.726037740802795
6727.81 0.7269381558612376
6737.799999999999 0.726586034393618
6747.799999999999 0.7268636226475571
6757.79 0.7267468969080736
6767.780000000001 0.7271779033006041
6777.780000000001 0.7273253807215664
6787.7699999999995 0.7269674385988406
6790.91 0.7267623487389935
6797.7699999999995 0.7262718807354503
6807.76 0.7279743880434933
6817.75 0.7269119846941071
6827.75 0.7276206534257718
6837.739999999999 0.7270907537157704
6847.739999999999 0.7265500270190248
6857.7300000000005 0.7270557755124204
6867.719999999999 0.7275810165482813
6877.719999999999 0.7267776943067151
6884.85 0.7272031344115271
6887.710000000001 0.7273541372623227
6897.710000000001 0.7272021907692626
6907.7 0.7265392419697009
6917.7 0.7265380091313272
6927.689999999999 0.727925421094064
6937.68 0.7260778296428639
6947.68 0.7270559791516316
6957.669999999999 0.725909107179887
6967.669999999999 0.7263080398401492
6977.660000000001 0.7263792073217075
6978.789999999999 0.7263682794006899
6987.65 0.7262156723062092
6997.65 0.7253569381631733
7007.639999999999 0.726406943288675
7017.639999999999 0.725935580917507
7027.63 0.7250783811926078
7037.619999999999 0.7258427545837975
7047.619999999999 0.7261565063035239
7057.610000000001 0.7259076001162157
7067.610000000001 0.7256217022709559
7072.7300000000005 0.7256268158248893
7077.6 0.7255973547464626
7087.6 0.7241026846235881
7097.589999999999 0.724823359840712
7107.58 0.7249641581655626
7117.58 0.7247467530751448
7127.57 0.7237346707891233
7137.57 0.7239635097899467
7147.560000000001 0.7243598314501902
7157.55 0.7243723745303038
7166.669999999999 0.7240970177426815
7167.55 0.7240628858698512
7177.539999999999 0.7231049490647955
7187.539999999999 0.7224850933040043
7197.530000000001 0.7237896667966046
7207.5199999999995 0.7233114390588776
7217.5199999999995 0.7242394944806441
7227.510000000001 0.7240707364549028
7237.510000000001 0.7235272768664426
7247.5 0.7233113371675687
7257.5 0.7221037597022054
7260.610000000001 0.7224793780007503
7267.489999999999 0.723247612934257
7277.4800000000005 0.721865396226771
7287.4800000000005 0.7210002874799321
7297.469999999999 0.7217113524748079
7307.469999999999 0.7212318286663982
7317.460000000001 0.7205095261847283
7327.45 0.720250608508429
7337.45 0.7210376012095754
7347.439999999999 0.7208014011554232
7354.55 0.7205465217557494
7357.439999999999 0.7204174744194765
7367.43 0.7203211075570483
7377.43 0.7192875594005571
7387.42 0.7195114892269809
7397.410000000001 0.719072962697835
7407.410000000001 0.7182187485820586
7417.4 0.7170423608517038
7427.4 0.7163789785443339
7437.389999999999 0.7162734969879511
7447.380000000001 0.7169490476282999
7448.49 0.7169041703624448
7457.380000000001 0.716459376982016
7467.37 0.7154321686309265
7477.37 0.7144115239941747
7487.360000000001 0.7146253151006208
7497.35 0.7136411109899485
7507.35 0.711801571203266
7517.339999999999 0.7119088181913712
7527.339999999999 0.7117674898942854
7537.330000000001 0.7106168300622411
7542.42 0.710808340249465
7547.330000000001 0.7109359019152304
7557.32 0.7101999897677976
7567.310000000001 0.7100704171112405
7577.310000000001 0.7093888124229883
7587.3 0.7087776458415314
7597.3 0.7074771973189957
7607.289999999999 0.7069415038265503
7617.280000000001 0.7066925787710908
7627.280000000001 0.7056236101151437
7636.360000000001 0.7044334126707513
7637.2699999999995 0.7043029525928093
7647.2699999999995 0.7044434241287377
7657.260000000001 0.7040241368455906
7667.25 0.703586906527092
7677.25 0.7037868454263443
7687.24 0.703209342382103
7697.24 0.702430814232005
7707.2300000000005 0.7019525416538069
7717.2300000000005 0.7009910950953981
7727.219999999999 0.6998273079275408
7730.299999999999 0.6998047801594136
7737.21 0.6996499199859549
7747.21 0.6984056623544043
7757.200000000001 0.6968369362737947
7767.200000000001 0.696744381937636
7777.19 0.6958561005778066
7787.18 0.6947244521411109
7797.18 0.6947177983752157
7807.17 0.694028333405671
7817.17 0.692679761415799
7824.24 0.6922470504501584
7827.16 0.6920189609154889
7837.150000000001 0.6893086464084298
7847.150000000001 0.6893924018554848
7857.139999999999 0.6890724493793644
7867.139999999999 0.6865867500086696
7877.130000000001 0.6846226214197894
7887.130000000001 0.6840264091129414
7897.12 0.6846324182222057
7907.110000000001 0.6837176286376674
7917.110000000001 0.682513539479834
7918.18 0.6824323421025975
7927.1 0.68158717404248
7937.1 0.680250174683424
7947.089999999999 0.6788229233768307
7957.080000000001 0.6768245677209728
7967.080000000001 0.6760404458065977
7977.07 0.6741791669691009
7987.07 0.6731682573385696
7997.06 0.6728343317117803
8007.05 0.6699696219732947
8012.12 0.6696165149101686
8017.05 0.6691700456321011
8027.039999999999 0.6685411394937375
8037.039999999999 0.6653426600359088
8047.03 0.6640828229625234
8057.03 0.6635875448556469
8067.02 0.6623926430918593
8077.01 0.6606736229706683
8087.01 0.6596002832682429
8097.0 0.6565634562477849
8106.060000000001 0.6558839206698677
8107.0 0.6557917245673718
8116.99 0.6551243616297401
8126.98 0.6535592077823803
8136.98 0.6518447299880785
8146.97 0.6496182663427279
8156.97 0.6483159462426882
8166.96 0.6463283319472961
8176.950000000001 0.642948993051327
8186.950000000001 0.6422373437821263
8196.939999999999 0.639951963583473
8200.0 0.6395254405740901
8206.939999999999 0.6383869253709541
8216.93 0.6360891919545029
8226.93 0.6345132159336584
8236.92 0.6328534219812804
8246.91 0.6301459155597656
8256.91 0.6299699897423465
8266.900000000001 0.626748232004079
8276.900000000001 0.625914955783101
8286.89 0.6245515309100764
8293.939999999999 0.6231393267616945
8296.88 0.6224712374355622
8306.88 0.6199618086878785
8316.87 0.6177299345887438
8326.87 0.6135136169304181
8336.86 0.6113190914951631
8346.849999999999 0.6099131090696829
8356.849999999999 0.6084073007466687
8366.84 0.606380946128636
8376.84 0.6043472121237374
8386.83 0.6023241237845146
8387.880000000001 0.6020019300526556
8396.83 0.5989994587027633
8406.82 0.5963245128236235
8416.810000000001 0.5947754094893087
8426.810000000001 0.5921939007886716
8436.8 0.5897784599686368
8446.8 0.5872803946093276
8456.789999999999 0.5834659519442599
8466.78 0.5801510606486422
8476.78 0.5796198791245715
8481.82 0.5785641194964752
8486.77 0.5773782511958884
8496.77 0.5743417054827762
8506.76 0.5717365623217217
8516.75 0.5683030312964783
8526.75 0.563707313308522
8536.74 0.5619585200323771
8546.74 0.5598210032253939
8556.73 0.5556315465159595
8566.73 0.55312040928911
8575.76 0.5520705403930881
8576.720000000001 0.5519321404732688
8586.710000000001 0.5487820298358771
8596.710000000001 0.5448938762882376
8606.699999999999 0.5424423662029794
8616.699999999999 0.5391163738664242
8626.69 0.5361710631593607
8636.68 0.5330652387880291
8646.68 0.5293965231059089
8656.669999999998 0.5258648372046961
8666.669999999998 0.5228495186389632
8669.7 0.5221761704318945
8676.66 0.5204790446641051
8686.65 0.5166773736248789
8696.65 0.5138864176572007
8706.64 0.5106931676970408
8716.64 0.5074625536032571
8726.630000000001 0.5040184375821399
8736.630000000001 0.500729768865115
8746.619999999999 0.4974378338052102
8756.61 0.4939920249243384
8763.64 0.4916522828337256
8766.61 0.4906175609201777
8776.6 0.48590029977661076
8786.6 0.4830673979455295
8796.59 0.4793516987174899
8806.58 0.47608297132831195
8816.58 0.47305898829889037
8826.57 0.469686044508386
8836.57 0.4657698200130815
8846.560000000001 0.46236222223157725
8856.55 0.4591960743868888
8857.58 0.4588594126684978
8866.55 0.4558299884240124
8876.54 0.45204761574924096
8886.54 0.448404907638521
8896.53 0.4442628758798415
8906.53 0.4408478717802427
8916.519999999999 0.4375871313320782
8926.51 0.43403840731535626
8936.51 0.43037897594015506
8946.5 0.42657228106816103
8951.51 0.42473046139795856
8956.5 0.42287489519509386
8966.489999999998 0.4194771956396075
8976.48 0.41504713574059104
8986.48 0.4115903710057917
8996.47 0.407910613204835
9006.47 0.4045138090086478
9016.460000000001 0.4006329370745499
9026.460000000001 0.39709510035646367
9036.45 0.39372913412289007
9045.449999999999 0.3902007844887335
9046.439999999999 0.3898123715313926
9056.439999999999 0.38638170119854226
9066.43 0.38260610361623565
9076.43 0.37837573048668627
9086.42 0.374159025956017
9096.41 0.37069727154125703
9106.41 0.36701747034427307
9116.4 0.3627871204161862
9126.4 0.3584310247936348
9136.39 0.3541464052941157
9139.39 0.352503577463125
9146.380000000001 0.3487059443828806
9156.380000000001 0.3431920471397615
9166.369999999999 0.3367332342677005
9176.369999999999 0.32884836835766273
9186.36 0.3191812798797
9196.36 0.30564356336566306
9206.35 0.2885366682551888
9216.339999999998 0.26691940092229977
9226.339999999998 0.238837327334204
9233.330000000002 0.2153591565329154
9236.33 0.20539848830721838
9246.33 0.16871914364552948
9256.32 0.13086215614259777
9266.310000000001 0.09495130265590115
9276.310000000001 0.06395660566796088
9286.3 0.03950672800621379
9296.3 0.022463997266087346
9306.289999999999 0.012078060410148531
9316.28 0.006192423402577719
9326.28 0.0032881854170208422
9327.27 0.0031726011731892114
9336.27 0.0021350116597330213
9346.27 0.0018723710379729272
9356.26 0.001999201055654064
9366.26 0.001992360990514919
9376.25 0.0016129950950835613
9386.24 0.0017222755548620045
9396.24 0.0017299841558001895
9406.23 0.0016612621892249206
9416.23 0.0016803672875068882
9421.210000000001 0.001615281680058242
9426.22 0.0015508964080008687
9436.210000000001 0.0014836158333510086
9446.210000000001 0.0016983494709233628
9456.2 0.0015831233465506702
9466.2 0.001644795390672891
9476.189999999999 0.001670635934257457
9486.18 0.0019398081285310115
9496.18 0.0019880662551573463
9506.17 0.001977273869925877
9515.15 0.001993599577180398
9516.17 0.0019955033849734243
9526.160000000002 0.0018499390757119123
9536.160000000002 0.0021336174876762466
9546.15 0.0018061704415653615
9556.14 0.0016426961063685172
9566.14 0.0014810773811117235
9576.130000000001 0.0012374403094971577
9586.130000000001 0.0012230065364439025
9596.119999999999 0.0009114620429325971
9606.11 0.0007642037070489372
9609.09 0.0007449844400345224
9616.11 0.0007007370728757843
9626.1 0.0005894061692140982
9636.1 0.000537622464176733
9646.09 0.0006648697183082908
9656.08 0.0007198256654848953
9666.08 0.0006337631392694971
9676.07 0.0006078249488489237
9686.07 0.0007279555249540762
9696.060000000001 0.0006934811216918141
9703.03 0.0007259128539979961
9706.060000000001 0.0007399320329866619
9716.05 0.0007883887918229527
9726.039999999999 0.0008014121871145804
9736.039999999999 0.0007255907221966995
9746.03 0.0008100297949819664
9756.03 0.0007226812845484768
9766.02 0.0006634842774585707
9776.010000000002 0.0006775865174838375
9786.010000000002 0.0006357717481910973
9796.0 0.0005685940503194138
9796.97 0.0005598674461884852
9806.0 0.0004808781041824436
9815.99 0.00044640030094243526
9825.980000000001 0.0004716894640951737
9835.980000000001 0.00047436619723774777
9845.97 0.0004013433477692998
9855.97 0.0003761290362972965
9865.96 0.000364473977020503
9875.96 0.00033180722376021987
9885.95 0.0002967931770720496
9890.91 0.0002922961469702703
9895.939999999999 0.00028808706522052985
9905.939999999999 0.0002654317730241673
9915.93 0.0002569499386885777
9925.93 0.0002351809208096124
9935.92 0.0002193573891914903
9945.91 0.00020684249899718984
9955.91 0.00017634602598722604
9965.9 0.00015607266347768495
9975.9 0.00013973671578227726
9984.85 0.00011762034023108917
9985.89 0.0001151501485752994
9995.880000000001 0.00010390428720691056
10005.880000000001 8.369200995347221e-05
10015.869999999999 6.766891629800956e-05
10025.869999999999 6.554869080812235e-05
10035.86 5.019721662933773e-05
10045.86 4.0780052013659655e-05
10055.85 4.1722610164873195e-05
10065.84 3.0667972986616904e-05
10075.84 2.9770702829312223e-05
10078.789999999999 2.8752034618629017e-05
10085.830000000002 2.6467910990468177e-05
10095.830000000002 2.4356522805490545e-05
10105.82 2.5399912957828357e-05
10115.81 2.3220338422003387e-05
10125.81 2.4242289886044266e-05
10135.800000000001 2.1986481284632616e-05
10145.800000000001 2.4271183995520397e-05
10155.789999999999 2.5510653302950862e-05
10165.779999999999 2.836440689003201e-05
10172.73 2.8288601648550076e-05
10175.779999999999 2.8303512315714354e-05
10185.77 2.911071745489664e-05
10195.77 3.1477857783819334e-05
10205.76 3.289359755329984e-05
10215.76 3.095554940332538e-05
10225.75 3.465197209168603e-05
10235.74 3.337719451525214e-05
10245.739999999998 3.339867067312974e-05
10255.730000000001 3.543622632222649e-05
10265.730000000001 3.381130656984834e-05
10266.669999999998 3.379583238458417e-05
10275.72 3.392923327447828e-05
10285.710000000001 3.367364299739166e-05
10295.710000000001 3.491015806967185e-05
10305.699999999999 3.1223830632377085e-05
10315.699999999999 3.0243852351415873e-05
10325.689999999999 2.813041119344275e-05
10335.68 2.6719983268070002e-05
10345.68 2.4572581117250363e-05
10355.67 2.1758161666691546e-05
10360.61 2.0539776932999934e-05
10365.67 1.9503769262763498e-05
10375.66 1.7882292663189306e-05
10385.66 1.6653111757504816e-05
10395.650000000001 1.3972692204406986e-05
10405.64 1.2217141699116487e-05
10415.64 1.0608388252842261e-05
10425.630000000001 9.666342918373366e-06
10435.630000000001 8.967984876346536e-06
10445.619999999999 7.210658956887392e-06
10454.55 5.6606606990992525e-06
10455.61 5.501863240877136e-06
10465.61 5.231193741579712e-06
10475.599999999999 4.670596911496712e-06
10485.599999999999 4.135405927294029e-06
10495.59 3.7996297195656722e-06
10505.58 3.717490484351709e-06
10515.58 3.2619981473280783e-06
10525.57 3.278882955290611e-06
10535.57 3.4322209655099e-06
10545.560000000001 3.1598209775601255e-06
10548.49 3.133633847399995e-06
10555.560000000001 3.1298907311827904e-06
10565.550000000001 3.2939013027786602e-06
10575.539999999999 3.1833109737038246e-06
10585.539999999999 3.4459302060683526e-06
10595.53 3.719852334334075e-06
10605.53 3.83008195973597e-06
10615.519999999999 4.025374280975201e-06
10625.510000000002 3.998387714042362e-06
10635.510000000002 3.9382561475566805e-06
10642.42 4.04781238198197e-06
10645.5 4.103008524590164e-06
10655.5 4.009929589780711e-06
10665.49 3.781287493038111e-06
10675.49 3.7513347430274654e-06
10685.48 3.7959767332339814e-06
10695.470000000001 3.837104602001274e-06
10705.470000000001 3.5401364275069173e-06
10715.460000000001 3.286559078220139e-06
10725.460000000001 3.038869079667872e-06
10735.45 2.8498916339791354e-06
10736.36 2.826688279479479e-06
10745.439999999999 2.572569223674694e-06
10755.439999999999 2.3670057467319638e-06
10765.43 2.3530541233766227e-06
10775.43 2.1429619549712574e-06
10785.419999999998 1.7772981601873597e-06
10795.410000000002 1.729146804832865e-06
10805.410000000002 1.6713789292101268e-06
10815.4 1.5780295037683622e-06
10825.4 1.5659260280178829e-06
10830.3 1.5854222414414397e-06
10835.39 1.6038099375878218e-06
10845.39 1.5286145083883324e-06
10855.380000000001 1.6885178398126394e-06
10865.37 1.825525881967207e-06
10875.37 1.863060063018942e-06
10885.36 1.9623059675324623e-06
10895.36 2.0156245800510914e-06
10905.35 2.098634816467954e-06
10915.339999999998 2.1965596789014357e-06
10924.24 2.2508474460000183e-06
10925.339999999998 2.258327578688533e-06
10935.330000000002 2.256973308877996e-06
10945.330000000002 2.443176904343186e-06
10955.32 2.4640664687034297e-06
10965.31 2.457644557845437e-06
10975.31 2.473332252288699e-06
10985.3 2.4109238749627483e-06
10995.3 2.3559083351288126e-06
11005.29 2.366830205003189e-06
11015.29 2.262995931381729e-06
11018.18 2.230833545945948e-06
11025.28 2.1494140760485383e-06
11035.27 2.1029955061954406e-06
11045.27 1.9939477486587143e-06
11055.26 1.8906013893761942e-06
11065.26 1.8175235519906279e-06
11075.25 1.6829236456780885e-06
11085.239999999998 1.6246555135618585e-06
11095.239999999998 1.532075394890365e-06
11105.230000000001 1.4813268218862926e-06
11112.119999999999 1.4276504256000004e-06
11115.230000000001 1.4020630928677688e-06
11125.22 1.314466614860547e-06
11135.21 1.2175393330423674e-06
11145.21 1.1839236358952525e-06
11155.2 1.1416475109218522e-06
11165.2 1.1293445397487623e-06
11175.19 1.1052790812220449e-06
11185.19 1.059397610070246e-06
11195.18 9.792648866936253e-07
11205.17 9.505767784756161e-07
11206.06 9.436836607999981e-07
11215.17 8.811151408984403e-07
11225.16 8.291335105812192e-07
11235.16 7.405073113902467e-07
11245.150000000001 6.435636797955937e-07
11255.14 6.029054109431598e-07
11265.14 4.778068792846551e-07
11275.13 3.5938394294231323e-07
11285.13 2.2312104168619343e-07
11295.119999999999 7.701469090910653e-08
11300.0 0.0
11305.11 0.0
11315.11 0.0
11325.1 0.0
11335.1 0.0
11345.09 0.0
11355.09 0.0
11365.08 0.0
11375.07 0.0
11385.07 0.0
11395.060000000001 0.0
11405.060000000001 0.0
11415.050000000001 0.0
11425.039999999999 0.0
11435.039999999999 0.0
11445.029999999999 0.0
11455.029999999999 0.0
11465.02 0.0
11475.01 0.0
11485.01 0.0
11495.0 0.0
11505.0 0.0
11514.99 0.0
11524.99 0.0
11534.98 0.0
11544.970000000001 0.0
11554.970000000001 0.0
11564.960000000001 0.0
11574.960000000001 0.0
11584.949999999999 0.0
11594.939999999999 0.0
11604.939999999999 0.0
11614.93 0.0
11624.93 0.0
11634.92 0.0
11644.91 0.0
11654.91 0.0
11664.9 0.0
11674.9 0.0
11684.89 0.0
11694.89 0.0
11704.880000000001 0.0
11714.87 0.0
11724.87 0.0
11734.86 0.0
11744.86 0.0
11754.849999999999 0.0
11764.84 0.0
11774.84 0.0
11784.83 0.0
11794.83 0.0
11804.82 0.0
11814.81 0.0
11824.81 0.0
11834.8 0.0
11844.8 0.0
11854.79 0.0
11864.79 0.0
11874.78 0.0
11884.769999999999 0.0
11894.769999999999 0.0
11904.760000000002 0.0
11914.760000000002 0.0
11924.75 0.0
11934.74 0.0
11944.74 0.0
11954.73 0.0
11964.73 0.0
11974.72 0.0
11984.71 0.0
11994.71 0.0
12004.7 0.0
12014.7 0.0
12024.69 0.0
12034.69 0.0
12044.68 0.0
12054.669999999998 0.0
12064.669999999998 0.0
12074.660000000002 0.0
12084.660000000002 0.0
12094.65 0.0
12104.64 0.0
12114.64 0.0
12124.63 0.0
12134.63 0.0
12144.619999999999 0.0
12154.61 0.0
12164.61 0.0
12174.6 0.0
12184.6 0.0
12194.589999999998 0.0
12204.589999999998 0.0
12214.580000000002 0.0
12224.57 0.0
12234.57 0.0
12244.560000000001 0.0
12254.560000000001 0.0
12264.55 0.0
12274.539999999999 0.0
12284.539999999999 0.0
12294.529999999999 0.0
12304.529999999999 0.0
12314.52 0.0
12324.51 0.0
12334.51 0.0
12344.5 0.0
12354.5 0.0
12364.489999999998 0.0
12374.489999999998 0.0
12384.480000000001 0.0
12394.47 0.0
12404.47 0.0
12414.460000000001 0.0
12424.460000000001 0.0
12434.449999999999 0.0
12444.439999999999 0.0
12454.439999999999 0.0
12464.43 0.0
12474.43 0.0
12484.42 0.0
12494.42 0.0
12504.41 0.0
12514.400000000001 0.0
12524.400000000001 0.0
12534.39 0.0
12544.39 0.0
12554.380000000001 0.0
12564.369999999999 0.0
12574.369999999999 0.0
12584.36 0.0
12594.36 0.0
12604.349999999999 0.0
12614.34 0.0
12624.34 0.0
12634.33 0.0
12644.33 0.0
12654.32 0.0
12664.32 0.0
12674.310000000001 0.0
12684.300000000001 0.0
12694.300000000001 0.0
12704.289999999999 0.0
12714.289999999999 0.0
12724.28 0.0
12734.269999999999 0.0
12744.269999999999 0.0
12754.260000000002 0.0
12764.260000000002 0.0
12774.25 0.0
12784.24 0.0
12794.24 0.0
12804.23 0.0
12814.23 0.0
12824.220000000001 0.0
12834.220000000001 0.0
12844.210000000001 0.0
12854.2 0.0
12864.2 0.0
12874.189999999999 0.0
12884.189999999999 0.0
12894.18 0.0
12904.169999999998 0.0
12914.169999999998 0.0
12924.160000000002 0.0
12934.160000000002 0.0
12944.15 0.0
12954.14 0.0
12964.14 0.0
12974.130000000001 0.0
12984.130000000001 0.0
12994.12 0.0
13004.12 0.0
13014.11 0.0
13024.1 0.0
13034.1 0.0
13044.089999999998 0.0
13054.089999999998 0.0
13064.080000000002 0.0
13074.07 0.0
13084.07 0.0
13094.06 0.0
13104.06 0.0
13114.05 0.0
13124.04 0.0
13134.04 0.0
13144.029999999999 0.0
13154.029999999999 0.0
13164.02 0.0
13174.02 0.0
13184.01 0.0
13194.0 0.0
13204.0 0.0
13213.989999999998 0.0
13223.989999999998 0.0
13233.98 0.0
13243.970000000001 0.0
13253.970000000001 0.0
13263.96 0.0
13273.96 0.0
13283.95 0.0
13293.94 0.0
13303.94 0.0
13313.929999999998 0.0
13323.929999999998 0.0
13333.92 0.0
13343.92 0.0
13353.91 0.0
13363.900000000001 0.0
13373.900000000001 0.0
13383.89 0.0
13393.89 0.0
13403.88 0.0
13413.870000000003 0.0
13423.870000000003 0.0
13433.86 0.0
13443.86 0.0
13453.85 0.0
13463.84 0.0
13473.84 0.0
13483.829999999998 0.0
13493.829999999998 0.0
13503.82 0.0
13513.82 0.0
13523.810000000001 0.0
13533.800000000001 0.0
13543.800000000001 0.0
13553.789999999999 0.0
13563.789999999999 0.0
13573.779999999999 0.0
13583.770000000002 0.0
13593.770000000002 0.0
13603.76 0.0
13613.76 0.0
13623.75 0.0
13633.74 0.0
13643.74 0.0
13653.729999999998 0.0
13663.729999999998 0.0
13673.720000000001 0.0
13683.720000000001 0.0
13693.710000000001 0.0
13703.699999999999 0.0
13713.699999999999 0.0
13723.689999999999 0.0
13733.689999999999 0.0
13743.68 0.0
13753.670000000002 0.0
13763.670000000002 0.0
13773.66 0.0
13783.66 0.0
13793.65 0.0
13803.64 0.0
13813.64 0.0
13823.629999999997 0.0
13833.629999999997 0.0
13843.62 0.0
13853.62 0.0
13863.61 0.0
13873.599999999999 0.0
13883.599999999999 0.0
13893.59 0.0
13903.59 0.0
13913.58 0.0
13923.570000000002 0.0
13933.570000000002 0.0
13943.56 0.0
13953.56 0.0
13963.55 0.0
13973.54 0.0
13983.54 0.0
13993.529999999999 0.0
14003.529999999999 0.0
14013.52 0.0
14023.52 0.0
14033.510000000002 0.0
14043.5 0.0
14053.5 0.0
14063.49 0.0
14073.49 0.0
14083.48 0.0
14093.470000000001 0.0
14103.470000000001 0.0
14113.46 0.0
14123.46 0.0
14133.45 0.0
14143.45 0.0
14153.44 0.0
14163.429999999998 0.0
14173.429999999998 0.0
14183.420000000002 0.0
14193.420000000002 0.0
14203.410000000002 0.0
14213.4 0.0
14223.4 0.0
14233.39 0.0
14243.39 0.0
14253.38 0.0
14263.370000000003 0.0
14273.370000000003 0.0
14283.36 0.0
14293.36 0.0
14303.35 0.0
14313.35 0.0
14323.339999999998 0.0
14333.329999999998 0.0
14343.329999999998 0.0
14353.320000000002 0.0
14363.320000000002 0.0
14373.310000000001 0.0
14383.3 0.0
14393.3 0.0
14403.289999999999 0.0
14413.289999999999 0.0
14423.279999999999 0.0
14433.270000000002 0.0
14443.270000000002 0.0
14453.26 0.0
14463.26 0.0
14473.25 0.0
14483.25 0.0
14493.239999999998 0.0
14503.23 0.0
14513.23 0.0
14523.220000000001 0.0
14533.220000000001 0.0
14543.210000000001 0.0
14553.199999999999 0.0
14563.199999999999 0.0
14573.189999999999 0.0
14583.189999999999 0.0
14593.18 0.0
14603.17 0.0
14613.17 0.0
14623.16 0.0
14633.16 0.0
14643.150000000001 0.0
14653.150000000001 0.0
14663.14 0.0
14673.13 0.0
14683.13 0.0
14693.12 0.0
14703.12 0.0
14713.11 0.0
14723.099999999999 0.0
14733.099999999999 0.0
14743.09 0.0
14753.09 0.0
14763.08 0.0
14773.07 0.0
14783.07 0.0
14793.060000000001 0.0
14803.060000000001 0.0
14813.050000000001 0.0
14823.050000000001 0.0
14833.039999999999 0.0
14843.029999999999 0.0
14853.029999999999 0.0
14863.02 0.0
14873.02 0.0
14883.010000000002 0.0
14893.0 0.0
14903.0 0.0
14912.99 0.0
14922.99 0.0
14932.979999999998 0.0
14942.970000000001 0.0
14952.970000000001 0.0
14962.960000000001 0.0
14972.960000000001 0.0
14982.95 0.0
14992.95 0.0
15002.939999999999 0.0
15012.929999999998 0.0
15022.929999999998 0.0
15032.920000000002 0.0
15042.920000000002 0.0
15052.910000000002 0.0
15062.9 0.0
15072.9 0.0
15082.89 0.0
15092.89 0.0
15102.879999999997 0.0
15112.87 0.0
15122.87 0.0
15132.86 0.0
15142.86 0.0
15152.85 0.0
15162.85 0.0
15172.839999999998 0.0
15182.829999999998 0.0
15192.829999999998 0.0
15202.820000000002 0.0
15212.820000000002 0.0
15222.81 0.0
15232.8 0.0
15242.8 0.0
15252.79 0.0
15262.79 0.0
15272.779999999999 0.0
15282.77 0.0
15292.77 0.0
15302.76 0.0
15312.76 0.0
15322.75 0.0
15332.75 0.0
15342.739999999998 0.0
15352.73 0.0
15362.73 0.0
15372.720000000001 0.0
15382.720000000001 0.0
15392.71 0.0
15402.7 0.0
15412.7 0.0
15422.69 0.0
15432.69 0.0
15442.679999999998 0.0
15452.67 0.0
15462.67 0.0
15472.66 0.0
15482.66 0.0
15492.650000000001 0.0
15502.650000000001 0.0
15512.64 0.0
15522.63 0.0
15532.63 0.0
15542.620000000003 0.0
15552.620000000003 0.0
15562.61 0.0
15572.6 0.0
15582.6 0.0
15592.59 0.0
15602.59 0.0
15612.579999999998 0.0
15622.57 0.0
15632.57 0.0
15642.560000000001 0.0
15652.560000000001 0.0
15662.550000000001 0.0
15672.550000000001 0.0
15682.539999999999 0.0
15692.529999999999 0.0
15702.529999999999 0.0
15712.520000000002 0.0
15722.520000000002 0.0
15732.51 0.0
15742.5 0.0
15752.5 0.0
15762.49 0.0
15772.49 0.0
15782.479999999998 0.0
15792.479999999998 0.0
15802.470000000001 0.0
15812.460000000001 0.0
15822.460000000001 0.0
15832.449999999999 0.0
15842.449999999999 0.0
15852.439999999999 0.0
15862.43 0.0
15872.43 0.0
15882.420000000002 0.0
15892.420000000002 0.0
15902.41 0.0
15912.4 0.0
15922.4 0.0
15932.39 0.0
15942.39 0.0
15952.379999999997 0.0
15962.379999999997 0.0
15972.37 0.0
15982.36 0.0
15992.36 0.0
16002.349999999999 0.0
16012.349999999999 0.0
16022.34 0.0
16032.33 0.0
16042.33 0.0
16052.320000000002 0.0
16062.320000000002 0.0
16072.31 0.0
16082.3 0.0
16092.3 0.0
16102.29 0.0
16112.29 0.0
16122.279999999999 0.0
16132.279999999999 0.0
16142.27 0.0
16152.260000000002 0.0
16162.260000000002 0.0
16172.25 0.0
16182.25 0.0
16192.24 0.0
16202.23 0.0
16212.23 0.0
16222.220000000001 0.0
16232.220000000001 0.0
16242.21 0.0
16252.2 0.0
16262.2 0.0
16272.19 0.0
16282.19 0.0
16292.179999999998 0.0
16302.179999999998 0.0
16312.170000000002 0.0
16322.160000000002 0.0
16332.160000000002 0.0
16342.15 0.0
16352.15 0.0
16362.14 0.0
16372.13 0.0
16382.13 0.0
16392.120000000003 0.0
16402.120000000003 0.0
16412.11 0.0
16422.1 0.0
16432.1 0.0
16442.089999999997 0.0
16452.089999999997 0.0
16462.079999999998 0.0
16472.079999999998 0.0
16482.07 0.0
16492.06 0.0
16502.06 0.0
16512.05 0.0
16522.05 0.0
16532.04 0.0
16542.03 0.0
16552.03 0.0
16562.020000000004 0.0
16572.020000000004 0.0
16582.010000000002 0.0
16592.0 0.0
16602.0 0.0
16611.989999999998 0.0
16621.989999999998 0.0
16631.98 0.0
16641.98 0.0
16651.97 0.0
16661.960000000003 0.0
16671.960000000003 0.0
16681.95 0.0
16691.95 0.0
16701.94 0.0
16711.93 0.0
16721.93 0.0
16731.92 0.0
16741.92 0.0
16751.91 0.0
16761.9 0.0
16771.9 0.0
16781.89 0.0
16791.89 0.0
16801.879999999997 0.0
16811.879999999997 0.0
16821.870000000003 0.0
16831.86 0.0
16841.86 0.0
16851.85 0.0
16861.85 0.0
16871.84 0.0
16881.83 0.0
16891.83 0.0
16901.82 0.0
16911.82 0.0
16921.81 0.0
16931.8 0.0
16941.8 0.0
16951.789999999997 0.0
16961.789999999997 0.0
16971.78 0.0
16981.78 0.0
16991.77 0.0
17001.760000000002 0.0
17011.760000000002 0.0
17021.75 0.0
17031.75 0.0
17041.739999999998 0.0
17051.729999999996 0.0
17061.729999999996 0.0
17071.72 0.0
17081.72 0.0
17091.71 0.0
17101.7 0.0
17111.7 0.0
17121.69 0.0
17131.69 0.0
17141.68 0.0
17151.68 0.0
17161.670000000002 0.0
17171.660000000003 0.0
17181.660000000003 0.0
17191.65 0.0
17201.65 0.0
17211.64 0.0
17221.629999999997 0.0
17231.629999999997 0.0
17241.62 0.0
17251.62 0.0
17261.61 0.0
17271.600000000002 0.0
17281.600000000002 0.0
17291.59 0.0
17301.59 0.0
17311.579999999998 0.0
17321.579999999998 0.0
17331.57 0.0
17341.559999999998 0.0
17351.559999999998 0.0
17361.55 0.0
17371.55 0.0
17381.54 0.0
17391.53 0.0
17401.53 0.0
17411.52 0.0
17421.52 0.0
17431.510000000002 0.0
17441.5 0.0
17451.5 0.0
17461.489999999998 0.0
17471.489999999998 0.0
17481.48 0.0
17491.48 0.0
17501.47 0.0
17511.46 0.0
17521.46 0.0
17531.45 0.0
17541.45 0.0
17551.44 0.0
17561.429999999997 0.0
17571.429999999997 0.0
17581.420000000002 0.0
17591.420000000002 0.0
17601.41 0.0
17611.41 0.0
17621.4 0.0
17631.39 0.0
17641.39 0.0
17651.379999999997 0.0
17661.379999999997 0.0
17671.370000000003 0.0
17681.36 0.0
17691.36 0.0
17701.35 0.0
17711.35 0.0
17721.34 0.0
17731.329999999998 0.0
17741.329999999998 0.0
17751.32 0.0
17761.32 0.0
17771.31 0.0
17781.31 0.0
17791.300000000003 0.0
17801.29 0.0
17811.29 0.0
17821.28 0.0
17831.28 0.0
17841.27 0.0
17851.26 0.0
17861.26 0.0
17871.25 0.0
17881.25 0.0
17891.24 0.0
17901.23 0.0
17911.23 0.0
17921.22 0.0
17931.22 0.0
17941.21 0.0
17951.21 0.0
17961.199999999997 0.0
17971.19 0.0
17981.19 0.0
17991.18 0.0
18001.18 0.0
18011.170000000002 0.0
18021.16 0.0
18031.16 0.0
18041.15 0.0
18051.15 0.0
18061.14 0.0
18071.129999999997 0.0
18081.129999999997 0.0
18091.120000000003 0.0
18101.120000000003 0.0
18111.11 0.0
18121.11 0.0
18131.1 0.0
18141.09 0.0
18151.09 0.0
18161.079999999998 0.0
18171.079999999998 0.0
18181.070000000003 0.0
18191.06 0.0
18201.06 0.0
18211.05 0.0
18221.05 0.0
18231.04 0.0
18241.03 0.0
18251.03 0.0
18261.02 0.0
18271.02 0.0
18281.010000000002 0.0
18291.010000000002 0.0
18301.0 0.0
18310.989999999998 0.0
18320.989999999998 0.0
18330.98 0.0
18340.98 0.0
18350.97 0.0
18360.96 0.0
18370.96 0.0
18380.95 0.0
18390.95 0.0
18400.940000000002 0.0
18410.93 0.0
18420.93 0.0
18430.920000000002 0.0
18440.920000000002 0.0
18450.91 0.0
18460.91 0.0
18470.899999999998 0.0
18480.89 0.0
18490.89 0.0
18500.88 0.0
18510.88 0.0
18520.870000000003 0.0
18530.86 0.0
18540.86 0.0
18550.85 0.0
18560.85 0.0
18570.839999999997 0.0
18580.829999999998 0.0
18590.829999999998 0.0
18600.82 0.0
18610.82 0.0
18620.81 0.0
18630.81 0.0
18640.8 0.0
18650.79 0.0
18660.79 0.0
18670.78 0.0
18680.78 0.0
18690.770000000004 0.0
18700.760000000002 0.0
18710.760000000002 0.0
18720.75 0.0
18730.75 0.0
18740.739999999998 0.0
18750.73 0.0
18760.73 0.0
18770.72 0.0
18780.72 0.0
18790.710000000003 0.0
18800.710000000003 0.0
18810.7 0.0
18820.69 0.0
18830.69 0.0
18840.68 0.0
18850.68 0.0
18860.67 0.0
18870.66 0.0
18880.66 0.0
18890.65 0.0
18900.65 0.0
18910.64 0.0
18920.629999999997 0.0
18930.629999999997 0.0
18940.620000000003 0.0
18950.620000000003 0.0
18960.61 0.0
18970.61 0.0
18980.6 0.0
18990.59 0.0
19000.59 0.0
19010.58 0.0
19020.58 0.0
19030.57 0.0
19040.56 0.0
19050.56 0.0
19060.55 0.0
19070.55 0.0
19080.539999999997 0.0
19090.53 0.0
19100.53 0.0
19110.52 0.0
19120.52 0.0
19130.510000000002 0.0
19140.510000000002 0.0
19150.5 0.0
19160.489999999998 0.0
19170.489999999998 0.0
19180.479999999996 0.0
19190.479999999996 0.0
19200.47 0.0
19210.46 0.0
19220.46 0.0
19230.45 0.0
19240.45 0.0
19250.44 0.0
19260.44 0.0
19270.43 0.0
19280.420000000002 0.0
19290.420000000002 0.0
19300.410000000003 0.0
19310.410000000003 0.0
19320.4 0.0
19330.39 0.0
19340.39 0.0
19350.379999999997 0.0
19360.379999999997 0.0
19370.37 0.0
19380.36 0.0
19390.36 0.0
19400.350000000002 0.0
19410.350000000002 0.0
19420.34 0.0
19430.34 0.0
19440.329999999998 0.0
19450.32 0.0
19460.32 0.0
19470.309999999998 0.0
19480.309999999998 0.0
19490.3 0.0
19500.29 0.0
19510.29 0.0
19520.28 0.0
19530.28 0.0
19540.27 0.0
19550.260000000002 0.0
19560.260000000002 0.0
19570.25 0.0
19580.25 0.0
19590.239999999998 0.0
19600.239999999998 0.0
19610.23 0.0
19620.22 0.0
19630.22 0.0
19640.21 0.0
19650.21 0.0
19660.2 0.0
19670.19 0.0
19680.19 0.0
19690.179999999997 0.0
19700.179999999997 0.0
19710.170000000002 0.0
19720.16 0.0
19730.16 0.0
19740.15 0.0
19750.15 0.0
19760.14 0.0
19770.14 0.0
19780.129999999997 0.0
19790.120000000003 0.0
19800.120000000003 0.0
19810.11 0.0
19820.11 0.0
19830.1 0.0
19840.09 0.0
19850.09 0.0
19860.079999999998 0.0
19870.079999999998 0.0
19880.07 0.0
19890.06 0.0
19900.06 0.0
19910.050000000003 0.0
19920.050000000003 0.0
19930.04 0.0
19940.04 0.0
19950.03 0.0
19960.02 0.0
19970.02 0.0
19980.01 0.0
19990.01 0.0
20000.0 0.0
